# MAd/MH = 0.00642, MPAH/MH = 0.000659, Md/MH = 0.00708
# lambda   C_abs^PAH/H C_abs^Ad/H  C_sca^PAH/H C_sca^Ad/H  C_ext^PAH/H C_ext^Ad/H  C_ext^total/H  Albedo
# [um]     [cm^2/H]    [cm^2/H]    [cm^2/H]    [cm^2/H]    [cm^2/H]    [cm^2/H]    [cm^2/H]
1.0000e-01 6.3708e-22 5.9689e-22 8.3263e-24 2.2781e-22 6.4541e-22 8.2469e-22 1.4701e-21 1.6062e-01
1.0127e-01 6.1581e-22 5.9002e-22 7.5208e-24 2.2703e-22 6.2334e-22 8.1706e-22 1.4404e-21 1.6284e-01
1.0256e-01 5.9494e-22 5.8291e-22 6.7651e-24 2.2627e-22 6.0170e-22 8.0918e-22 1.4109e-21 1.6517e-01
1.0386e-01 5.7460e-22 5.7566e-22 6.0979e-24 2.2558e-22 5.8069e-22 8.0124e-22 1.3819e-21 1.6765e-01
1.0518e-01 5.5485e-22 5.6818e-22 5.5445e-24 2.2493e-22 5.6040e-22 7.9311e-22 1.3535e-21 1.7028e-01
1.0652e-01 5.3565e-22 5.6042e-22 5.1171e-24 2.2427e-22 5.4076e-22 7.8469e-22 1.3255e-21 1.7306e-01
1.0787e-01 5.1676e-22 5.5235e-22 4.8067e-24 2.2358e-22 5.2157e-22 7.7594e-22 1.2975e-21 1.7602e-01
1.0924e-01 4.9787e-22 5.4393e-22 4.5732e-24 2.2283e-22 5.0244e-22 7.6676e-22 1.2692e-21 1.7917e-01
1.1063e-01 4.7872e-22 5.3525e-22 4.3514e-24 2.2205e-22 4.8307e-22 7.5730e-22 1.2404e-21 1.8253e-01
1.1203e-01 4.5933e-22 5.2641e-22 4.0852e-24 2.2127e-22 4.6341e-22 7.4768e-22 1.2111e-21 1.8608e-01
1.1346e-01 4.4002e-22 5.1768e-22 3.7607e-24 2.2058e-22 4.4379e-22 7.3825e-22 1.1820e-21 1.8979e-01
1.1490e-01 4.2119e-22 5.0911e-22 3.3995e-24 2.1999e-22 4.2459e-22 7.2910e-22 1.1537e-21 1.9363e-01
1.1636e-01 4.0309e-22 4.9999e-22 3.0377e-24 2.1936e-22 4.0613e-22 7.1936e-22 1.1255e-21 1.9760e-01
1.1783e-01 3.8584e-22 4.9033e-22 2.6987e-24 2.1870e-22 3.8854e-22 7.0903e-22 1.0976e-21 2.0172e-01
1.1933e-01 3.6942e-22 4.8049e-22 2.3922e-24 2.1802e-22 3.7181e-22 6.9851e-22 1.0703e-21 2.0593e-01
1.2085e-01 3.5380e-22 4.7051e-22 2.1201e-24 2.1733e-22 3.5592e-22 6.8785e-22 1.0438e-21 2.1025e-01
1.2238e-01 3.3894e-22 4.6045e-22 1.8807e-24 2.1663e-22 3.4082e-22 6.7708e-22 1.0179e-21 2.1467e-01
1.2394e-01 3.2482e-22 4.5045e-22 1.6705e-24 2.1588e-22 3.2649e-22 6.6633e-22 9.9282e-22 2.1912e-01
1.2551e-01 3.1141e-22 4.4065e-22 1.4861e-24 2.1506e-22 3.1289e-22 6.5571e-22 9.6860e-22 2.2357e-01
1.2711e-01 2.9869e-22 4.3093e-22 1.3238e-24 2.1429e-22 3.0001e-22 6.4522e-22 9.4523e-22 2.2811e-01
1.2872e-01 2.8666e-22 4.2126e-22 1.1808e-24 2.1360e-22 2.8784e-22 6.3486e-22 9.2270e-22 2.3278e-01
1.3036e-01 2.7139e-22 4.1168e-22 1.0544e-24 2.1301e-22 2.7244e-22 6.2470e-22 8.9714e-22 2.3861e-01
1.3201e-01 2.6237e-22 4.0253e-22 9.4237e-25 2.1267e-22 2.6331e-22 6.1519e-22 8.7850e-22 2.4315e-01
1.3369e-01 2.5416e-22 3.9330e-22 8.4278e-25 2.1234e-22 2.5500e-22 6.0565e-22 8.6065e-22 2.4770e-01
1.3539e-01 2.4672e-22 3.8392e-22 7.5407e-25 2.1203e-22 2.4747e-22 5.9595e-22 8.4343e-22 2.5229e-01
1.3711e-01 2.4003e-22 3.7438e-22 6.7492e-25 2.1175e-22 2.4070e-22 5.8613e-22 8.2683e-22 2.5692e-01
1.3885e-01 2.3405e-22 3.6411e-22 6.0421e-25 2.1150e-22 2.3465e-22 5.7560e-22 8.1025e-22 2.6177e-01
1.4061e-01 2.2876e-22 3.5330e-22 5.4096e-25 2.1126e-22 2.2930e-22 5.6456e-22 7.9386e-22 2.6679e-01
1.4240e-01 2.2415e-22 3.4260e-22 4.8438e-25 2.1106e-22 2.2463e-22 5.5366e-22 7.7830e-22 2.7181e-01
1.4421e-01 2.2019e-22 3.3195e-22 4.3378e-25 2.1095e-22 2.2062e-22 5.4290e-22 7.6353e-22 2.7685e-01
1.4604e-01 2.1687e-22 3.2131e-22 3.8855e-25 2.1095e-22 2.1726e-22 5.3226e-22 7.4951e-22 2.8197e-01
1.4790e-01 2.1418e-22 3.1078e-22 3.4819e-25 2.1101e-22 2.1453e-22 5.2179e-22 7.3632e-22 2.8705e-01
1.4978e-01 2.1217e-22 3.0067e-22 3.1231e-25 2.1126e-22 2.1248e-22 5.1192e-22 7.2440e-22 2.9206e-01
1.5168e-01 2.1078e-22 2.9089e-22 2.8053e-25 2.1174e-22 2.1106e-22 5.0263e-22 7.1369e-22 2.9708e-01
1.5361e-01 2.1001e-22 2.8129e-22 2.5256e-25 2.1254e-22 2.1027e-22 4.9384e-22 7.0410e-22 3.0222e-01
1.5556e-01 2.0988e-22 2.7201e-22 2.2815e-25 2.1368e-22 2.1011e-22 4.8569e-22 6.9580e-22 3.0743e-01
1.5753e-01 2.1040e-22 2.6331e-22 2.0709e-25 2.1514e-22 2.1061e-22 4.7845e-22 6.8906e-22 3.1253e-01
1.5954e-01 2.1158e-22 2.5491e-22 1.8919e-25 2.1707e-22 2.1176e-22 4.7198e-22 6.8375e-22 3.1775e-01
1.6156e-01 2.1344e-22 2.4671e-22 1.7429e-25 2.1952e-22 2.1361e-22 4.6622e-22 6.7983e-22 3.2315e-01
1.6361e-01 2.1601e-22 2.3853e-22 1.6223e-25 2.2256e-22 2.1617e-22 4.6109e-22 6.7727e-22 3.2886e-01
1.6569e-01 2.1934e-22 2.3075e-22 1.5279e-25 2.2604e-22 2.1949e-22 4.5679e-22 6.7628e-22 3.3447e-01
1.6780e-01 2.2345e-22 2.2399e-22 1.4575e-25 2.2951e-22 2.2360e-22 4.5350e-22 6.7710e-22 3.3917e-01
1.6993e-01 2.2845e-22 2.1750e-22 1.4093e-25 2.3323e-22 2.2859e-22 4.5073e-22 6.7933e-22 3.4354e-01
1.7209e-01 2.3425e-22 2.1119e-22 1.3809e-25 2.3721e-22 2.3439e-22 4.4841e-22 6.8279e-22 3.4762e-01
1.7427e-01 2.4086e-22 2.0516e-22 1.3707e-25 2.4132e-22 2.4100e-22 4.4648e-22 6.8748e-22 3.5122e-01
1.7649e-01 2.4844e-22 1.9925e-22 1.3795e-25 2.4558e-22 2.4857e-22 4.4483e-22 6.9340e-22 3.5436e-01
1.7873e-01 2.5713e-22 1.9270e-22 1.4097e-25 2.5059e-22 2.5727e-22 4.4329e-22 7.0055e-22 3.5790e-01
1.8100e-01 2.6712e-22 1.8549e-22 1.4649e-25 2.5638e-22 2.6727e-22 4.4187e-22 7.0914e-22 3.6174e-01
1.8330e-01 2.7864e-22 1.7827e-22 1.5490e-25 2.6236e-22 2.7879e-22 4.4063e-22 7.1942e-22 3.6490e-01
1.8563e-01 2.9191e-22 1.7118e-22 1.6660e-25 2.6848e-22 2.9208e-22 4.3966e-22 7.3174e-22 3.6713e-01
1.8799e-01 3.0719e-22 1.6442e-22 1.8196e-25 2.7454e-22 3.0737e-22 4.3896e-22 7.4633e-22 3.6810e-01
1.9038e-01 3.2474e-22 1.5793e-22 2.0135e-25 2.8032e-22 3.2494e-22 4.3825e-22 7.6319e-22 3.6756e-01
1.9279e-01 3.4483e-22 1.5391e-22 2.2509e-25 2.8399e-22 3.4506e-22 4.3790e-22 7.8296e-22 3.6300e-01
1.9524e-01 3.6772e-22 1.5098e-22 2.5344e-25 2.8687e-22 3.6798e-22 4.3785e-22 8.0583e-22 3.5631e-01
1.9772e-01 3.9336e-22 1.4855e-22 2.8635e-25 2.8912e-22 3.9364e-22 4.3767e-22 8.3131e-22 3.4813e-01
2.0024e-01 4.2153e-22 1.4664e-22 3.2368e-25 2.9078e-22 4.2186e-22 4.3741e-22 8.5927e-22 3.3877e-01
2.0278e-01 4.5165e-22 1.4540e-22 3.6495e-25 2.9196e-22 4.5201e-22 4.3736e-22 8.8937e-22 3.2868e-01
2.0536e-01 4.8257e-22 1.4480e-22 4.0925e-25 2.9251e-22 4.8298e-22 4.3731e-22 9.2029e-22 3.1829e-01
2.0797e-01 5.1250e-22 1.4371e-22 4.5512e-25 2.9333e-22 5.1295e-22 4.3704e-22 9.4999e-22 3.0925e-01
2.1061e-01 5.3897e-22 1.4204e-22 5.0057e-25 2.9473e-22 5.3947e-22 4.3676e-22 9.7623e-22 3.0241e-01
2.1328e-01 5.5917e-22 1.4050e-22 5.4310e-25 2.9610e-22 5.5971e-22 4.3659e-22 9.9631e-22 2.9774e-01
2.1599e-01 5.7047e-22 1.3900e-22 5.8003e-25 2.9731e-22 5.7105e-22 4.3631e-22 1.0074e-21 2.9571e-01
2.1874e-01 5.7118e-22 1.3752e-22 6.0883e-25 2.9838e-22 5.7179e-22 4.3590e-22 1.0077e-21 2.9670e-01
2.2152e-01 5.6038e-22 1.3614e-22 6.2679e-25 2.9940e-22 5.6101e-22 4.3554e-22 9.9655e-22 3.0106e-01
2.2433e-01 5.4023e-22 1.3492e-22 6.3362e-25 3.0034e-22 5.4086e-22 4.3525e-22 9.7611e-22 3.0834e-01
2.2718e-01 5.1340e-22 1.3371e-22 6.2972e-25 3.0112e-22 5.1403e-22 4.3483e-22 9.4886e-22 3.1801e-01
2.3007e-01 4.8272e-22 1.3249e-22 6.1623e-25 3.0178e-22 4.8334e-22 4.3427e-22 9.1760e-22 3.2955e-01
2.3299e-01 4.5070e-22 1.3133e-22 5.9492e-25 3.0240e-22 4.5130e-22 4.3373e-22 8.8502e-22 3.4236e-01
2.3595e-01 4.1922e-22 1.3025e-22 5.6777e-25 3.0296e-22 4.1979e-22 4.3321e-22 8.5300e-22 3.5583e-01
2.3895e-01 3.8951e-22 1.2916e-22 5.3672e-25 3.0342e-22 3.9004e-22 4.3258e-22 8.2262e-22 3.6949e-01
2.4198e-01 3.6220e-22 1.2803e-22 5.0346e-25 3.0381e-22 3.6271e-22 4.3184e-22 7.9455e-22 3.8300e-01
2.4506e-01 3.3758e-22 1.2694e-22 4.6935e-25 3.0416e-22 3.3805e-22 4.3110e-22 7.6915e-22 3.9606e-01
2.4817e-01 3.1563e-22 1.2592e-22 4.3541e-25 3.0446e-22 3.1606e-22 4.3038e-22 7.4644e-22 4.0846e-01
2.5132e-01 2.9624e-22 1.2497e-22 4.0232e-25 3.0460e-22 2.9664e-22 4.2957e-22 7.2621e-22 4.1999e-01
2.5451e-01 2.7919e-22 1.2399e-22 3.7061e-25 3.0464e-22 2.7956e-22 4.2863e-22 7.0819e-22 4.3069e-01
2.5775e-01 2.6418e-22 1.2301e-22 3.4064e-25 3.0466e-22 2.6452e-22 4.2767e-22 6.9219e-22 4.4064e-01
2.6102e-01 2.5096e-22 1.2205e-22 3.1256e-25 3.0465e-22 2.5127e-22 4.2670e-22 6.7797e-22 4.4982e-01
2.6434e-01 2.3930e-22 1.2111e-22 2.8646e-25 3.0456e-22 2.3958e-22 4.2567e-22 6.6525e-22 4.5824e-01
2.6770e-01 2.2899e-22 1.2013e-22 2.6232e-25 3.0440e-22 2.2926e-22 4.2453e-22 6.5379e-22 4.6600e-01
2.7110e-01 2.1987e-22 1.1915e-22 2.4012e-25 3.0420e-22 2.2011e-22 4.2335e-22 6.4346e-22 4.7313e-01
2.7454e-01 2.1177e-22 1.1818e-22 2.1977e-25 3.0397e-22 2.1199e-22 4.2215e-22 6.3414e-22 4.7969e-01
2.7803e-01 2.0455e-22 1.1722e-22 2.0119e-25 3.0369e-22 2.0475e-22 4.2092e-22 6.2567e-22 4.8571e-01
2.8156e-01 1.9811e-22 1.1625e-22 1.8427e-25 3.0331e-22 1.9829e-22 4.1956e-22 6.1785e-22 4.9121e-01
2.8514e-01 1.9234e-22 1.1525e-22 1.6889e-25 3.0290e-22 1.9251e-22 4.1815e-22 6.1066e-22 4.9630e-01
2.8876e-01 1.8718e-22 1.1426e-22 1.5495e-25 3.0244e-22 1.8734e-22 4.1671e-22 6.0404e-22 5.0095e-01
2.9243e-01 1.8253e-22 1.1330e-22 1.4232e-25 3.0192e-22 1.8267e-22 4.1521e-22 5.9788e-22 5.0521e-01
2.9614e-01 1.7832e-22 1.1231e-22 1.3088e-25 3.0132e-22 1.7845e-22 4.1363e-22 5.9208e-22 5.0914e-01
2.9991e-01 1.7451e-22 1.1131e-22 1.2053e-25 3.0066e-22 1.7463e-22 4.1197e-22 5.8660e-22 5.1275e-01
3.0372e-01 1.7042e-22 1.1031e-22 1.1117e-25 2.9996e-22 1.7053e-22 4.1028e-22 5.8081e-22 5.1665e-01
3.0758e-01 1.6553e-22 1.0934e-22 1.0269e-25 2.9922e-22 1.6563e-22 4.0855e-22 5.7418e-22 5.2130e-01
3.1148e-01 1.6051e-22 1.0835e-22 9.5022e-26 2.9840e-22 1.6060e-22 4.0675e-22 5.6736e-22 5.2612e-01
3.1544e-01 1.5561e-22 1.0735e-22 8.8072e-26 2.9754e-22 1.5570e-22 4.0488e-22 5.6058e-22 5.3092e-01
3.1945e-01 1.5083e-22 1.0635e-22 8.1771e-26 2.9660e-22 1.5092e-22 4.0296e-22 5.5387e-22 5.3566e-01
3.2351e-01 1.4617e-22 1.0536e-22 7.6054e-26 2.9562e-22 1.4624e-22 4.0099e-22 5.4723e-22 5.4036e-01
3.2762e-01 1.4161e-22 1.0437e-22 7.0868e-26 2.9459e-22 1.4168e-22 3.9896e-22 5.4064e-22 5.4502e-01
3.3178e-01 1.3716e-22 1.0338e-22 6.6154e-26 2.9347e-22 1.3722e-22 3.9685e-22 5.3407e-22 5.4962e-01
3.3599e-01 1.3280e-22 1.0239e-22 6.1861e-26 2.9230e-22 1.3287e-22 3.9468e-22 5.2755e-22 5.5418e-01
3.4026e-01 1.2855e-22 1.0140e-22 5.7946e-26 2.9107e-22 1.2861e-22 3.9247e-22 5.2108e-22 5.5871e-01
3.4458e-01 1.2440e-22 1.0042e-22 5.4369e-26 2.8980e-22 1.2445e-22 3.9023e-22 5.1468e-22 5.6319e-01
3.4896e-01 1.2034e-22 9.9432e-23 5.1097e-26 2.8845e-22 1.2039e-22 3.8788e-22 5.0827e-22 5.6762e-01
3.5339e-01 1.1637e-22 9.8441e-23 4.8097e-26 2.8704e-22 1.1641e-22 3.8548e-22 5.0190e-22 5.7201e-01
3.5788e-01 1.1248e-22 9.7454e-23 4.5341e-26 2.8561e-22 1.1253e-22 3.8306e-22 4.9559e-22 5.7639e-01
3.6243e-01 1.0869e-22 9.6477e-23 4.2804e-26 2.8410e-22 1.0873e-22 3.8058e-22 4.8931e-22 5.8071e-01
3.6704e-01 1.0497e-22 9.5498e-23 4.0463e-26 2.8256e-22 1.0501e-22 3.7806e-22 4.8307e-22 5.8501e-01
3.7170e-01 1.0133e-22 9.4519e-23 3.8298e-26 2.8093e-22 1.0137e-22 3.7545e-22 4.7682e-22 5.8926e-01
3.7642e-01 9.7759e-23 9.3531e-23 3.6292e-26 2.7924e-22 9.7796e-23 3.7278e-22 4.7057e-22 5.9349e-01
3.8120e-01 9.4261e-23 9.2560e-23 3.4424e-26 2.7750e-22 9.4295e-23 3.7006e-22 4.6436e-22 5.9768e-01
3.8605e-01 9.0832e-23 9.1593e-23 3.2681e-26 2.7572e-22 9.0864e-23 3.6731e-22 4.5818e-22 6.0185e-01
3.9095e-01 8.7469e-23 9.0622e-23 3.1051e-26 2.7386e-22 8.7500e-23 3.6448e-22 4.5198e-22 6.0598e-01
3.9592e-01 8.4174e-23 8.9659e-23 2.9521e-26 2.7198e-22 8.4204e-23 3.6164e-22 4.4584e-22 6.1010e-01
4.0095e-01 8.0952e-23 8.8691e-23 2.8082e-26 2.7004e-22 8.0980e-23 3.5873e-22 4.3971e-22 6.1420e-01
4.0604e-01 7.7808e-23 8.7736e-23 2.6725e-26 2.6806e-22 7.7835e-23 3.5580e-22 4.3363e-22 6.1824e-01
4.1120e-01 7.4750e-23 8.6772e-23 2.5443e-26 2.6602e-22 7.4775e-23 3.5279e-22 4.2756e-22 6.2223e-01
4.1642e-01 7.1780e-23 8.5815e-23 2.4229e-26 2.6393e-22 7.1804e-23 3.4974e-22 4.2155e-22 6.2615e-01
4.2171e-01 6.8903e-23 8.4862e-23 2.3078e-26 2.6179e-22 6.8926e-23 3.4665e-22 4.1558e-22 6.3000e-01
4.2707e-01 6.6122e-23 8.3917e-23 2.1983e-26 2.5959e-22 6.6144e-23 3.4351e-22 4.0965e-22 6.3374e-01
4.3250e-01 6.3439e-23 8.2977e-23 2.0943e-26 2.5735e-22 6.3460e-23 3.4033e-22 4.0379e-22 6.3739e-01
4.3799e-01 6.0847e-23 8.2037e-23 1.9952e-26 2.5508e-22 6.0867e-23 3.3712e-22 3.9799e-22 6.4098e-01
4.4355e-01 5.8333e-23 8.1103e-23 1.9007e-26 2.5274e-22 5.8352e-23 3.3384e-22 3.9220e-22 6.4447e-01
4.4919e-01 5.5884e-23 8.0165e-23 1.8107e-26 2.5037e-22 5.5902e-23 3.3054e-22 3.8644e-22 6.4794e-01
4.5490e-01 5.3490e-23 7.9236e-23 1.7248e-26 2.4795e-22 5.3507e-23 3.2719e-22 3.8070e-22 6.5136e-01
4.6068e-01 5.1143e-23 7.8313e-23 1.6429e-26 2.4551e-22 5.1159e-23 3.2383e-22 3.7499e-22 6.5477e-01
4.6653e-01 4.8840e-23 7.7395e-23 1.5647e-26 2.4302e-22 4.8856e-23 3.2042e-22 3.6928e-22 6.5816e-01
4.7245e-01 4.6586e-23 7.6473e-23 1.4901e-26 2.4050e-22 4.6601e-23 3.1697e-22 3.6357e-22 6.6153e-01
4.7846e-01 4.4389e-23 7.5557e-23 1.4189e-26 2.3794e-22 4.4403e-23 3.1350e-22 3.5790e-22 6.6486e-01
4.8454e-01 4.2255e-23 7.4660e-23 1.3510e-26 2.3537e-22 4.2269e-23 3.1003e-22 3.5230e-22 6.6813e-01
4.9069e-01 4.0192e-23 7.3750e-23 1.2863e-26 2.3272e-22 4.0205e-23 3.0647e-22 3.4667e-22 6.7133e-01
4.9692e-01 3.8206e-23 7.2849e-23 1.2246e-26 2.3005e-22 3.8218e-23 3.0289e-22 3.4111e-22 6.7443e-01
5.0324e-01 3.6299e-23 7.1957e-23 1.1657e-26 2.2737e-22 3.6311e-23 2.9933e-22 3.3564e-22 6.7746e-01
5.0963e-01 3.4474e-23 7.1071e-23 1.1097e-26 2.2465e-22 3.4485e-23 2.9572e-22 3.3020e-22 6.8036e-01
5.1611e-01 3.2730e-23 7.0189e-23 1.0563e-26 2.2189e-22 3.2741e-23 2.9208e-22 3.2482e-22 6.8315e-01
5.2266e-01 3.1065e-23 6.9309e-23 1.0055e-26 2.1916e-22 3.1075e-23 2.8847e-22 3.1954e-22 6.8589e-01
5.2930e-01 2.9472e-23 6.8438e-23 9.5712e-27 2.1639e-22 2.9482e-23 2.8483e-22 3.1431e-22 6.8849e-01
5.3603e-01 2.7948e-23 6.7570e-23 9.1108e-27 2.1362e-22 2.7957e-23 2.8119e-22 3.0914e-22 6.9102e-01
5.4284e-01 2.6486e-23 6.6706e-23 8.6728e-27 2.1079e-22 2.6495e-23 2.7750e-22 3.0399e-22 6.9344e-01
5.4973e-01 2.5082e-23 6.5848e-23 8.2562e-27 2.0793e-22 2.5090e-23 2.7378e-22 2.9887e-22 6.9576e-01
5.5672e-01 2.3732e-23 6.5000e-23 7.8600e-27 2.0509e-22 2.3740e-23 2.7009e-22 2.9383e-22 6.9802e-01
5.6379e-01 2.2438e-23 6.4152e-23 7.4834e-27 2.0219e-22 2.2445e-23 2.6634e-22 2.8879e-22 7.0016e-01
5.7095e-01 2.1200e-23 6.3309e-23 7.1254e-27 1.9927e-22 2.1207e-23 2.6258e-22 2.8379e-22 7.0221e-01
5.7821e-01 2.0019e-23 6.2473e-23 6.7851e-27 1.9635e-22 2.0026e-23 2.5882e-22 2.7884e-22 7.0416e-01
5.8555e-01 1.8896e-23 6.1642e-23 6.4616e-27 1.9340e-22 1.8902e-23 2.5504e-22 2.7395e-22 7.0601e-01
5.9299e-01 1.7830e-23 6.0814e-23 6.1543e-27 1.9045e-22 1.7836e-23 2.5127e-22 2.6910e-22 7.0775e-01
6.0052e-01 1.6820e-23 5.9998e-23 5.8622e-27 1.8752e-22 1.6826e-23 2.4752e-22 2.6434e-22 7.0940e-01
6.0815e-01 1.5865e-23 5.9185e-23 5.5846e-27 1.8456e-22 1.5871e-23 2.4375e-22 2.5962e-22 7.1092e-01
6.1588e-01 1.4962e-23 5.8382e-23 5.3208e-27 1.8163e-22 1.4968e-23 2.4001e-22 2.5498e-22 7.1235e-01
6.2370e-01 1.4109e-23 5.7576e-23 5.0702e-27 1.7870e-22 1.4114e-23 2.3628e-22 2.5039e-22 7.1371e-01
6.3163e-01 1.3299e-23 5.6781e-23 4.8321e-27 1.7572e-22 1.3304e-23 2.3250e-22 2.4581e-22 7.1490e-01
6.3965e-01 1.2534e-23 5.5986e-23 4.6057e-27 1.7279e-22 1.2539e-23 2.2877e-22 2.4131e-22 7.1605e-01
6.4778e-01 1.1811e-23 5.5199e-23 4.3906e-27 1.6985e-22 1.1816e-23 2.2505e-22 2.3687e-22 7.1710e-01
6.5601e-01 1.1130e-23 5.4421e-23 4.1861e-27 1.6692e-22 1.1134e-23 2.2134e-22 2.3248e-22 7.1803e-01
6.6434e-01 1.0489e-23 5.3653e-23 3.9917e-27 1.6397e-22 1.0493e-23 2.1762e-22 2.2811e-22 7.1882e-01
6.7278e-01 9.8863e-24 5.2891e-23 3.8068e-27 1.6102e-22 9.8901e-24 2.1391e-22 2.2380e-22 7.1950e-01
6.8133e-01 9.3217e-24 5.2135e-23 3.6310e-27 1.5808e-22 9.3254e-24 2.1021e-22 2.1954e-22 7.2006e-01
6.8998e-01 8.7939e-24 5.1389e-23 3.4637e-27 1.5515e-22 8.7973e-24 2.0654e-22 2.1534e-22 7.2052e-01
6.9875e-01 8.3013e-24 5.0644e-23 3.3046e-27 1.5222e-22 8.3046e-24 2.0287e-22 2.1117e-22 7.2086e-01
7.0763e-01 7.8428e-24 4.9910e-23 3.1533e-27 1.4933e-22 7.8459e-24 1.9924e-22 2.0709e-22 7.2112e-01
7.1662e-01 7.4160e-24 4.9184e-23 3.0092e-27 1.4645e-22 7.4190e-24 1.9563e-22 2.0305e-22 7.2126e-01
7.2572e-01 7.0192e-24 4.8469e-23 2.8721e-27 1.4355e-22 7.0221e-24 1.9202e-22 1.9904e-22 7.2122e-01
7.3494e-01 6.6500e-24 4.7754e-23 2.7416e-27 1.4070e-22 6.6528e-24 1.8845e-22 1.9511e-22 7.2116e-01
7.4428e-01 6.3063e-24 4.7048e-23 2.6173e-27 1.3787e-22 6.3089e-24 1.8492e-22 1.9123e-22 7.2099e-01
7.5373e-01 5.9861e-24 4.6347e-23 2.4989e-27 1.3504e-22 5.9886e-24 1.8139e-22 1.8738e-22 7.2071e-01
7.6331e-01 5.6877e-24 4.5652e-23 2.3861e-27 1.3223e-22 5.6901e-24 1.7789e-22 1.8358e-22 7.2034e-01
7.7300e-01 5.4097e-24 4.4963e-23 2.2786e-27 1.2944e-22 5.4119e-24 1.7441e-22 1.7982e-22 7.1987e-01
7.8282e-01 5.1509e-24 4.4289e-23 2.1761e-27 1.2668e-22 5.1530e-24 1.7097e-22 1.7612e-22 7.1929e-01
7.9277e-01 4.9101e-24 4.3616e-23 2.0784e-27 1.2393e-22 4.9122e-24 1.6755e-22 1.7246e-22 7.1862e-01
8.0284e-01 4.6865e-24 4.2958e-23 1.9853e-27 1.2122e-22 4.6885e-24 1.6418e-22 1.6887e-22 7.1787e-01
8.1304e-01 4.4790e-24 4.2296e-23 1.8964e-27 1.1852e-22 4.4809e-24 1.6081e-22 1.6530e-22 7.1702e-01
8.2337e-01 4.2872e-24 4.1646e-23 1.8117e-27 1.1587e-22 4.2890e-24 1.5752e-22 1.6180e-22 7.1612e-01
8.3383e-01 4.1108e-24 4.1001e-23 1.7308e-27 1.1324e-22 4.1125e-24 1.5424e-22 1.5835e-22 7.1512e-01
8.4442e-01 3.9497e-24 4.0360e-23 1.6537e-27 1.1062e-22 3.9514e-24 1.5099e-22 1.5494e-22 7.1401e-01
8.5515e-01 3.8041e-24 3.9731e-23 1.5800e-27 1.0805e-22 3.8056e-24 1.4778e-22 1.5159e-22 7.1280e-01
8.6601e-01 3.6738e-24 3.9108e-23 1.5097e-27 1.0550e-22 3.6753e-24 1.4461e-22 1.4828e-22 7.1148e-01
8.7702e-01 3.5586e-24 3.8494e-23 1.4425e-27 1.0298e-22 3.5600e-24 1.4147e-22 1.4503e-22 7.1004e-01
8.8816e-01 3.4582e-24 3.7887e-23 1.3784e-27 1.0047e-22 3.4596e-24 1.3836e-22 1.4182e-22 7.0847e-01
8.9944e-01 3.3726e-24 3.7288e-23 1.3172e-27 9.8004e-23 3.3739e-24 1.3529e-22 1.3867e-22 7.0677e-01
9.1087e-01 3.3023e-24 3.6703e-23 1.2586e-27 9.5564e-23 3.3036e-24 1.3227e-22 1.3557e-22 7.0491e-01
9.2244e-01 3.2490e-24 3.6121e-23 1.2027e-27 9.3162e-23 3.2502e-24 1.2928e-22 1.3253e-22 7.0294e-01
9.3416e-01 3.2174e-24 3.5550e-23 1.1493e-27 9.0762e-23 3.2186e-24 1.2631e-22 1.2953e-22 7.0071e-01
9.4603e-01 3.2127e-24 3.4983e-23 1.0983e-27 8.8423e-23 3.2138e-24 1.2341e-22 1.2662e-22 6.9835e-01
9.5805e-01 3.2451e-24 3.4424e-23 1.0495e-27 8.6095e-23 3.2461e-24 1.2052e-22 1.2377e-22 6.9564e-01
9.7022e-01 3.3328e-24 3.3865e-23 1.0028e-27 8.3809e-23 3.3338e-24 1.1767e-22 1.2101e-22 6.9260e-01
9.8254e-01 3.5087e-24 3.3283e-23 9.5823e-28 8.1559e-23 3.5097e-24 1.1484e-22 1.1835e-22 6.8913e-01
9.9502e-01 3.8344e-24 3.2694e-23 9.1560e-28 7.9296e-23 3.8353e-24 1.1199e-22 1.1583e-22 6.8462e-01
1.0077e+00 4.4241e-24 3.2233e-23 8.7484e-28 7.7006e-23 4.4250e-24 1.0924e-22 1.1366e-22 6.7750e-01
1.0205e+00 5.4686e-24 3.1851e-23 8.3586e-28 7.4765e-23 5.4694e-24 1.0662e-22 1.1209e-22 6.6704e-01
1.0334e+00 7.0944e-24 3.1482e-23 7.9860e-28 7.2595e-23 7.0952e-24 1.0408e-22 1.1117e-22 6.5300e-01
1.0466e+00 8.5421e-24 3.1124e-23 7.6297e-28 7.0450e-23 8.5429e-24 1.0157e-22 1.1012e-22 6.3978e-01
1.0599e+00 7.9505e-24 3.0776e-23 7.2889e-28 6.8346e-23 7.9513e-24 9.9121e-23 1.0707e-22 6.3832e-01
1.0733e+00 6.1172e-24 3.0438e-23 6.9630e-28 6.6306e-23 6.1179e-24 9.6745e-23 1.0286e-22 6.4462e-01
1.0870e+00 4.6821e-24 3.0118e-23 6.6514e-28 6.4312e-23 4.6827e-24 9.4430e-23 9.9113e-23 6.4889e-01
1.1008e+00 3.8092e-24 2.9805e-23 6.3534e-28 6.2380e-23 3.8098e-24 9.2185e-23 9.5994e-23 6.4983e-01
1.1147e+00 3.2942e-24 2.9501e-23 6.0684e-28 6.0488e-23 3.2948e-24 8.9989e-23 9.3283e-23 6.4844e-01
1.1289e+00 2.9861e-24 2.9209e-23 5.7958e-28 5.8637e-23 2.9867e-24 8.7846e-23 9.0832e-23 6.4556e-01
1.1433e+00 2.8037e-24 2.8925e-23 5.5352e-28 5.6839e-23 2.8043e-24 8.5765e-23 8.8569e-23 6.4176e-01
1.1578e+00 2.7067e-24 2.8652e-23 5.2859e-28 5.5090e-23 2.7072e-24 8.3742e-23 8.6449e-23 6.3726e-01
1.1725e+00 2.6760e-24 2.8386e-23 5.0476e-28 5.3381e-23 2.6765e-24 8.1767e-23 8.4443e-23 6.3215e-01
1.1874e+00 2.7047e-24 2.8125e-23 4.8197e-28 5.1696e-23 2.7052e-24 7.9821e-23 8.2526e-23 6.2643e-01
1.2025e+00 2.7903e-24 2.7865e-23 4.6018e-28 5.0067e-23 2.7908e-24 7.7932e-23 8.0723e-23 6.2024e-01
1.2177e+00 2.9241e-24 2.7611e-23 4.3935e-28 4.8462e-23 2.9245e-24 7.6073e-23 7.8997e-23 6.1347e-01
1.2332e+00 3.0695e-24 2.7358e-23 4.1943e-28 4.6913e-23 3.0699e-24 7.4271e-23 7.7341e-23 6.0658e-01
1.2489e+00 3.1627e-24 2.7105e-23 4.0038e-28 4.5413e-23 3.1631e-24 7.2518e-23 7.5682e-23 6.0006e-01
1.2647e+00 3.1360e-24 2.6848e-23 3.8218e-28 4.3946e-23 3.1364e-24 7.0795e-23 7.3931e-23 5.9443e-01
1.2808e+00 2.9746e-24 2.6582e-23 3.6478e-28 4.2477e-23 2.9749e-24 6.9060e-23 7.2035e-23 5.8968e-01
1.2971e+00 2.7302e-24 2.6324e-23 3.4814e-28 4.1104e-23 2.7305e-24 6.7428e-23 7.0159e-23 5.8588e-01
1.3136e+00 2.4707e-24 2.6076e-23 3.3225e-28 3.9843e-23 2.4711e-24 6.5919e-23 6.8390e-23 5.8259e-01
1.3303e+00 2.2375e-24 2.5825e-23 3.1705e-28 3.8582e-23 2.2378e-24 6.4408e-23 6.6645e-23 5.7892e-01
1.3472e+00 2.0432e-24 2.5563e-23 3.0253e-28 3.7325e-23 2.0435e-24 6.2888e-23 6.4932e-23 5.7484e-01
1.3643e+00 1.8855e-24 2.5296e-23 2.8865e-28 3.6065e-23 1.8858e-24 6.1360e-23 6.3246e-23 5.7023e-01
1.3816e+00 1.7582e-24 2.5014e-23 2.7539e-28 3.4761e-23 1.7585e-24 5.9775e-23 6.1534e-23 5.6492e-01
1.3991e+00 1.6536e-24 2.4736e-23 2.6273e-28 3.3499e-23 1.6539e-24 5.8235e-23 5.9889e-23 5.5936e-01
1.4169e+00 1.5660e-24 2.4464e-23 2.5063e-28 3.2299e-23 1.5663e-24 5.6763e-23 5.8329e-23 5.5374e-01
1.4349e+00 1.4912e-24 2.4196e-23 2.3906e-28 3.1151e-23 1.4915e-24 5.5346e-23 5.6838e-23 5.4807e-01
1.4532e+00 1.4262e-24 2.3930e-23 2.2802e-28 3.0051e-23 1.4265e-24 5.3982e-23 5.5408e-23 5.4237e-01
1.4716e+00 1.3688e-24 2.3667e-23 2.1747e-28 2.8985e-23 1.3690e-24 5.2652e-23 5.4021e-23 5.3655e-01
1.4903e+00 1.3173e-24 2.3409e-23 2.0740e-28 2.7956e-23 1.3175e-24 5.1365e-23 5.2682e-23 5.3066e-01
1.5092e+00 1.2705e-24 2.3154e-23 1.9778e-28 2.6962e-23 1.2707e-24 5.0116e-23 5.1387e-23 5.2469e-01
1.5284e+00 1.2275e-24 2.2905e-23 1.8859e-28 2.5990e-23 1.2277e-24 4.8895e-23 5.0123e-23 5.1853e-01
1.5478e+00 1.1877e-24 2.2659e-23 1.7982e-28 2.5054e-23 1.1879e-24 4.7713e-23 4.8900e-23 5.1234e-01
1.5675e+00 1.1505e-24 2.2415e-23 1.7145e-28 2.4155e-23 1.1507e-24 4.6571e-23 4.7721e-23 5.0618e-01
1.5874e+00 1.1156e-24 2.2178e-23 1.6345e-28 2.3276e-23 1.1158e-24 4.5454e-23 4.6569e-23 4.9981e-01
1.6076e+00 1.0825e-24 2.1949e-23 1.5582e-28 2.2423e-23 1.0826e-24 4.4372e-23 4.5454e-23 4.9331e-01
1.6280e+00 1.0510e-24 2.1722e-23 1.4854e-28 2.1597e-23 1.0511e-24 4.3320e-23 4.4371e-23 4.8675e-01
1.6487e+00 1.0208e-24 2.1503e-23 1.4159e-28 2.0797e-23 1.0209e-24 4.2300e-23 4.3321e-23 4.8008e-01
1.6696e+00 9.9174e-25 2.1290e-23 1.3495e-28 2.0019e-23 9.9188e-25 4.1309e-23 4.2301e-23 4.7326e-01
1.6908e+00 9.6366e-25 2.1084e-23 1.2862e-28 1.9266e-23 9.6378e-25 4.0350e-23 4.1313e-23 4.6634e-01
1.7123e+00 9.3632e-25 2.0885e-23 1.2258e-28 1.8541e-23 9.3644e-25 3.9426e-23 4.0362e-23 4.5936e-01
1.7341e+00 9.0952e-25 2.0695e-23 1.1682e-28 1.7833e-23 9.0964e-25 3.8528e-23 3.9438e-23 4.5219e-01
1.7561e+00 8.8299e-25 2.0511e-23 1.1132e-28 1.7153e-23 8.8310e-25 3.7664e-23 3.8547e-23 4.4499e-01
1.7784e+00 8.5636e-25 2.0337e-23 1.0607e-28 1.6491e-23 8.5646e-25 3.6828e-23 3.7685e-23 4.3761e-01
1.8010e+00 8.2902e-25 2.0172e-23 1.0107e-28 1.5850e-23 8.2912e-25 3.6022e-23 3.6851e-23 4.3012e-01
1.8239e+00 8.0057e-25 2.0016e-23 9.6295e-29 1.5231e-23 8.0066e-25 3.5247e-23 3.6048e-23 4.2253e-01
1.8471e+00 7.7093e-25 1.9869e-23 9.1742e-29 1.4633e-23 7.7102e-25 3.4502e-23 3.5273e-23 4.1486e-01
1.8705e+00 7.4145e-25 1.9730e-23 8.7401e-29 1.4054e-23 7.4153e-25 3.3785e-23 3.4526e-23 4.0707e-01
1.8943e+00 7.1566e-25 1.9600e-23 8.3262e-29 1.3495e-23 7.1574e-25 3.3095e-23 3.3811e-23 3.9913e-01
1.9184e+00 6.9700e-25 1.9480e-23 7.9314e-29 1.2955e-23 6.9708e-25 3.2434e-23 3.3131e-23 3.9101e-01
1.9427e+00 6.8506e-25 1.9369e-23 7.5550e-29 1.2435e-23 6.8514e-25 3.1804e-23 3.2489e-23 3.8274e-01
1.9674e+00 6.7618e-25 1.9266e-23 7.1961e-29 1.1935e-23 6.7625e-25 3.1201e-23 3.1878e-23 3.7440e-01
1.9924e+00 6.6704e-25 1.9171e-23 6.8540e-29 1.1450e-23 6.6711e-25 3.0621e-23 3.1288e-23 3.6596e-01
2.0177e+00 6.5648e-25 1.9083e-23 6.5278e-29 1.0985e-23 6.5654e-25 3.0069e-23 3.0725e-23 3.5754e-01
2.0433e+00 6.4453e-25 1.9006e-23 6.2170e-29 1.0538e-23 6.4459e-25 2.9544e-23 3.0188e-23 3.4909e-01
2.0693e+00 6.3173e-25 1.8934e-23 5.9206e-29 1.0107e-23 6.3179e-25 2.9041e-23 2.9673e-23 3.4062e-01
2.0956e+00 6.1847e-25 1.8866e-23 5.6381e-29 9.6905e-24 6.1853e-25 2.8557e-23 2.9175e-23 3.3215e-01
2.1222e+00 6.0500e-25 1.8804e-23 5.3690e-29 9.2938e-24 6.0506e-25 2.8098e-23 2.8703e-23 3.2380e-01
2.1492e+00 5.9150e-25 1.8744e-23 5.1124e-29 8.9098e-24 5.9155e-25 2.7654e-23 2.8245e-23 3.1544e-01
2.1765e+00 5.7807e-25 1.8686e-23 4.8680e-29 8.5420e-24 5.7812e-25 2.7228e-23 2.7806e-23 3.0720e-01
2.2041e+00 5.6480e-25 1.8629e-23 4.6350e-29 8.1879e-24 5.6484e-25 2.6817e-23 2.7382e-23 2.9903e-01
2.2321e+00 5.5172e-25 1.8573e-23 4.4130e-29 7.8481e-24 5.5176e-25 2.6421e-23 2.6973e-23 2.9096e-01
2.2605e+00 5.3887e-25 1.8518e-23 4.2016e-29 7.5223e-24 5.3891e-25 2.6040e-23 2.6579e-23 2.8302e-01
2.2892e+00 5.2628e-25 1.8464e-23 4.0001e-29 7.2067e-24 5.2632e-25 2.5671e-23 2.6197e-23 2.7510e-01
2.3183e+00 5.1394e-25 1.8412e-23 3.8081e-29 6.9054e-24 5.1398e-25 2.5317e-23 2.5831e-23 2.6733e-01
2.3477e+00 5.0188e-25 1.8360e-23 3.6253e-29 6.6156e-24 5.0191e-25 2.4976e-23 2.5478e-23 2.5966e-01
2.3776e+00 4.9008e-25 1.8324e-23 3.4511e-29 6.3355e-24 4.9011e-25 2.4659e-23 2.5149e-23 2.5192e-01
2.4078e+00 4.7856e-25 1.8285e-23 3.2851e-29 6.0676e-24 4.7859e-25 2.4352e-23 2.4831e-23 2.4436e-01
2.4384e+00 4.6730e-25 1.8244e-23 3.1271e-29 5.8096e-24 4.6733e-25 2.4053e-23 2.4521e-23 2.3693e-01
2.4693e+00 4.5631e-25 1.8200e-23 2.9766e-29 5.5632e-24 4.5634e-25 2.3763e-23 2.4219e-23 2.2970e-01
2.5007e+00 4.4559e-25 1.8164e-23 2.8332e-29 5.3254e-24 4.4562e-25 2.3490e-23 2.3935e-23 2.2249e-01
2.5325e+00 4.3513e-25 1.8134e-23 2.6966e-29 5.0976e-24 4.3516e-25 2.3232e-23 2.3667e-23 2.1539e-01
2.5647e+00 4.2493e-25 1.8101e-23 2.5666e-29 4.8797e-24 4.2495e-25 2.2981e-23 2.3406e-23 2.0848e-01
2.5972e+00 4.1497e-25 1.8080e-23 2.4428e-29 4.6691e-24 4.1499e-25 2.2749e-23 2.3164e-23 2.0157e-01
2.6302e+00 4.0526e-25 1.8059e-23 2.3249e-29 4.4683e-24 4.0529e-25 2.2527e-23 2.2933e-23 1.9485e-01
2.6636e+00 3.9580e-25 1.8051e-23 2.2126e-29 4.2745e-24 3.9583e-25 2.2326e-23 2.2721e-23 1.8813e-01
2.6975e+00 3.8658e-25 1.8031e-23 2.1057e-29 4.0896e-24 3.8661e-25 2.2120e-23 2.2507e-23 1.8171e-01
2.7318e+00 3.7761e-25 1.8030e-23 2.0039e-29 3.9117e-24 3.7763e-25 2.1942e-23 2.2319e-23 1.7526e-01
2.7665e+00 3.6887e-25 1.8019e-23 1.9069e-29 3.7421e-24 3.6889e-25 2.1761e-23 2.2130e-23 1.6910e-01
2.8016e+00 3.6036e-25 1.8023e-23 1.8147e-29 3.5796e-24 3.6038e-25 2.1602e-23 2.1963e-23 1.6299e-01
2.8372e+00 3.5210e-25 1.8031e-23 1.7268e-29 3.4246e-24 3.5212e-25 2.1455e-23 2.1807e-23 1.5704e-01
2.8732e+00 3.4408e-25 1.8045e-23 1.6432e-29 3.2759e-24 3.4410e-25 2.1320e-23 2.1665e-23 1.5121e-01
2.9097e+00 3.3632e-25 1.8060e-23 1.5636e-29 3.1338e-24 3.3633e-25 2.1194e-23 2.1530e-23 1.4555e-01
2.9467e+00 3.2883e-25 1.8083e-23 1.4878e-29 2.9988e-24 3.2885e-25 2.1082e-23 2.1411e-23 1.4006e-01
2.9841e+00 3.2166e-25 1.8105e-23 1.4156e-29 2.8696e-24 3.2168e-25 2.0974e-23 2.1296e-23 1.3475e-01
3.0221e+00 3.1488e-25 1.8133e-23 1.3470e-29 2.7477e-24 3.1490e-25 2.0881e-23 2.1196e-23 1.2964e-01
3.0605e+00 3.0865e-25 1.8143e-23 1.2816e-29 2.6309e-24 3.0866e-25 2.0774e-23 2.1082e-23 1.2479e-01
3.0993e+00 3.0326e-25 1.8136e-23 1.2194e-29 2.5194e-24 3.0328e-25 2.0655e-23 2.0959e-23 1.2021e-01
3.1387e+00 2.9948e-25 1.8117e-23 1.1601e-29 2.4123e-24 2.9949e-25 2.0530e-23 2.0829e-23 1.1582e-01
3.1786e+00 2.9953e-25 1.8078e-23 1.1038e-29 2.3091e-24 2.9954e-25 2.0387e-23 2.0687e-23 1.1162e-01
3.2190e+00 3.1238e-25 1.8032e-23 1.0501e-29 2.2089e-24 3.1239e-25 2.0241e-23 2.0553e-23 1.0747e-01
3.2599e+00 4.0012e-25 1.7973e-23 9.9908e-30 2.1102e-24 4.0013e-25 2.0083e-23 2.0484e-23 1.0302e-01
3.3013e+00 6.2226e-25 1.7935e-23 9.5049e-30 2.0094e-24 6.2227e-25 1.9944e-23 2.0567e-23 9.7700e-02
3.3432e+00 3.6968e-25 1.8214e-23 9.0425e-30 1.9019e-24 3.6969e-25 2.0116e-23 2.0486e-23 9.2838e-02
3.3857e+00 2.8415e-25 1.9084e-23 8.6025e-30 1.8518e-24 2.8416e-25 2.0936e-23 2.1220e-23 8.7266e-02
3.4287e+00 2.6151e-25 1.9042e-23 8.1838e-30 1.8007e-24 2.6152e-25 2.0843e-23 2.1104e-23 8.5326e-02
3.4723e+00 2.5004e-25 1.8841e-23 7.7853e-30 1.7488e-24 2.5005e-25 2.0590e-23 2.0840e-23 8.3915e-02
3.5164e+00 2.4179e-25 1.8279e-23 7.4061e-30 1.6877e-24 2.4179e-25 1.9967e-23 2.0209e-23 8.3513e-02
3.5610e+00 2.3493e-25 1.7786e-23 7.0453e-30 1.6174e-24 2.3494e-25 1.9404e-23 1.9638e-23 8.2361e-02
3.6063e+00 2.2883e-25 1.7276e-23 6.7019e-30 1.5389e-24 2.2884e-25 1.8814e-23 1.9043e-23 8.0813e-02
3.6521e+00 2.2320e-25 1.7033e-23 6.3752e-30 1.4608e-24 2.2321e-25 1.8494e-23 1.8717e-23 7.8049e-02
3.6985e+00 2.1790e-25 1.6901e-23 6.0643e-30 1.3905e-24 2.1791e-25 1.8292e-23 1.8510e-23 7.5121e-02
3.7455e+00 2.1286e-25 1.6776e-23 5.7686e-30 1.3252e-24 2.1286e-25 1.8101e-23 1.8314e-23 7.2360e-02
3.7931e+00 2.0802e-25 1.6659e-23 5.4872e-30 1.2634e-24 2.0803e-25 1.7922e-23 1.8130e-23 6.9687e-02
3.8412e+00 2.0337e-25 1.6552e-23 5.2195e-30 1.2048e-24 2.0338e-25 1.7757e-23 1.7960e-23 6.7083e-02
3.8900e+00 1.9889e-25 1.6439e-23 4.9648e-30 1.1486e-24 1.9889e-25 1.7588e-23 1.7787e-23 6.4574e-02
3.9395e+00 1.9457e-25 1.6337e-23 4.7224e-30 1.0949e-24 1.9457e-25 1.7432e-23 1.7627e-23 6.2114e-02
3.9895e+00 1.9039e-25 1.6245e-23 4.4918e-30 1.0437e-24 1.9039e-25 1.7289e-23 1.7479e-23 5.9711e-02
4.0402e+00 1.8636e-25 1.6153e-23 4.2724e-30 9.9476e-25 1.8636e-25 1.7148e-23 1.7334e-23 5.7388e-02
4.0915e+00 1.8246e-25 1.6065e-23 4.0638e-30 9.4787e-25 1.8246e-25 1.7013e-23 1.7195e-23 5.5125e-02
4.1435e+00 1.7870e-25 1.5983e-23 3.8652e-30 9.0320e-25 1.7870e-25 1.6886e-23 1.7065e-23 5.2927e-02
4.1961e+00 1.7508e-25 1.5906e-23 3.6763e-30 8.6061e-25 1.7508e-25 1.6767e-23 1.6942e-23 5.0798e-02
4.2495e+00 1.7158e-25 1.5839e-23 3.4967e-30 8.2008e-25 1.7159e-25 1.6659e-23 1.6831e-23 4.8725e-02
4.3034e+00 1.6823e-25 1.5776e-23 3.3258e-30 7.8146e-25 1.6823e-25 1.6557e-23 1.6725e-23 4.6723e-02
4.3581e+00 1.6501e-25 1.5719e-23 3.1631e-30 7.4449e-25 1.6502e-25 1.6464e-23 1.6629e-23 4.4771e-02
4.4135e+00 1.6194e-25 1.5663e-23 3.0085e-30 7.0940e-25 1.6194e-25 1.6373e-23 1.6535e-23 4.2904e-02
4.4695e+00 1.5902e-25 1.5616e-23 2.8613e-30 6.7586e-25 1.5902e-25 1.6292e-23 1.6451e-23 4.1083e-02
4.5263e+00 1.5625e-25 1.5576e-23 2.7214e-30 6.4409e-25 1.5626e-25 1.6220e-23 1.6377e-23 3.9330e-02
4.5838e+00 1.5366e-25 1.5538e-23 2.5882e-30 6.1365e-25 1.5367e-25 1.6152e-23 1.6305e-23 3.7636e-02
4.6421e+00 1.5126e-25 1.5505e-23 2.4616e-30 5.8474e-25 1.5126e-25 1.6089e-23 1.6241e-23 3.6005e-02
4.7010e+00 1.4907e-25 1.5473e-23 2.3411e-30 5.5733e-25 1.4908e-25 1.6030e-23 1.6179e-23 3.4448e-02
4.7608e+00 1.4715e-25 1.5444e-23 2.2265e-30 5.3123e-25 1.4715e-25 1.5975e-23 1.6122e-23 3.2950e-02
4.8212e+00 1.4554e-25 1.5414e-23 2.1175e-30 5.0635e-25 1.4554e-25 1.5920e-23 1.6066e-23 3.1517e-02
4.8825e+00 1.4438e-25 1.5388e-23 2.0139e-30 4.8266e-25 1.4438e-25 1.5870e-23 1.6015e-23 3.0139e-02
4.9445e+00 1.4386e-25 1.5362e-23 1.9152e-30 4.6020e-25 1.4386e-25 1.5822e-23 1.5966e-23 2.8824e-02
5.0073e+00 1.4440e-25 1.5334e-23 1.8214e-30 4.3881e-25 1.4441e-25 1.5773e-23 1.5917e-23 2.7568e-02
5.0710e+00 1.4703e-25 1.5304e-23 1.7322e-30 4.1841e-25 1.4703e-25 1.5723e-23 1.5870e-23 2.6366e-02
5.1354e+00 1.5471e-25 1.5274e-23 1.6474e-30 3.9886e-25 1.5471e-25 1.5673e-23 1.5828e-23 2.5200e-02
5.2006e+00 1.7244e-25 1.5241e-23 1.5667e-30 3.8031e-25 1.7244e-25 1.5622e-23 1.5794e-23 2.4080e-02
5.2667e+00 1.9029e-25 1.5208e-23 1.4899e-30 3.6260e-25 1.9029e-25 1.5570e-23 1.5760e-23 2.3007e-02
5.3336e+00 1.7828e-25 1.5172e-23 1.4169e-30 3.4568e-25 1.7829e-25 1.5518e-23 1.5696e-23 2.2023e-02
5.4014e+00 1.6258e-25 1.5136e-23 1.3475e-30 3.2956e-25 1.6258e-25 1.5465e-23 1.5628e-23 2.1088e-02
5.4700e+00 1.6020e-25 1.5102e-23 1.2815e-30 3.1417e-25 1.6020e-25 1.5417e-23 1.5577e-23 2.0169e-02
5.5395e+00 1.7008e-25 1.5067e-23 1.2187e-30 2.9944e-25 1.7008e-25 1.5367e-23 1.5537e-23 1.9273e-02
5.6098e+00 1.9793e-25 1.5027e-23 1.1589e-30 2.8541e-25 1.9793e-25 1.5313e-23 1.5511e-23 1.8401e-02
5.6811e+00 2.3951e-25 1.4988e-23 1.1021e-30 2.7194e-25 2.3951e-25 1.5260e-23 1.5499e-23 1.7546e-02
5.7533e+00 2.3128e-25 1.4946e-23 1.0481e-30 2.5915e-25 2.3128e-25 1.5206e-23 1.5437e-23 1.6787e-02
5.8264e+00 2.0796e-25 1.4899e-23 9.9678e-31 2.4686e-25 2.0797e-25 1.5146e-23 1.5354e-23 1.6078e-02
5.9004e+00 2.1432e-25 1.4857e-23 9.4794e-31 2.3512e-25 2.1432e-25 1.5093e-23 1.5307e-23 1.5361e-02
5.9754e+00 2.5307e-25 1.4815e-23 9.0153e-31 2.2393e-25 2.5307e-25 1.5039e-23 1.5292e-23 1.4644e-02
6.0513e+00 3.5265e-25 1.4770e-23 8.5742e-31 2.1322e-25 3.5265e-25 1.4983e-23 1.5336e-23 1.3903e-02
6.1281e+00 6.0081e-25 1.4724e-23 8.1558e-31 2.0297e-25 6.0082e-25 1.4927e-23 1.5528e-23 1.3072e-02
6.2060e+00 9.3062e-25 1.4678e-23 7.7619e-31 1.9316e-25 9.3062e-25 1.4871e-23 1.5802e-23 1.2224e-02
6.2848e+00 7.4213e-25 1.4629e-23 7.3403e-31 1.8378e-25 7.4213e-25 1.4813e-23 1.5555e-23 1.1815e-02
6.3647e+00 4.4534e-25 1.4582e-23 6.9865e-31 1.7478e-25 4.4534e-25 1.4756e-23 1.5202e-23 1.1497e-02
6.4455e+00 3.2667e-25 1.4535e-23 6.6568e-31 1.6615e-25 3.2667e-25 1.4701e-23 1.5027e-23 1.1057e-02
6.5274e+00 2.9463e-25 1.4483e-23 6.3327e-31 1.5789e-25 2.9463e-25 1.4641e-23 1.4935e-23 1.0572e-02
6.6104e+00 2.9831e-25 1.4433e-23 6.0228e-31 1.4991e-25 2.9831e-25 1.4582e-23 1.4881e-23 1.0074e-02
6.6943e+00 3.0483e-25 1.4382e-23 5.7278e-31 1.4214e-25 3.0483e-25 1.4524e-23 1.4829e-23 9.5858e-03
6.7794e+00 2.9878e-25 1.4413e-23 5.4470e-31 1.3477e-25 2.9878e-25 1.4548e-23 1.4846e-23 9.0779e-03
6.8655e+00 2.9075e-25 1.4501e-23 5.1799e-31 1.2898e-25 2.9075e-25 1.4630e-23 1.4921e-23 8.6442e-03
6.9527e+00 2.9411e-25 1.4258e-23 4.9257e-31 1.2256e-25 2.9411e-25 1.4381e-23 1.4675e-23 8.3520e-03
7.0411e+00 3.1338e-25 1.4169e-23 4.6840e-31 1.1556e-25 3.1338e-25 1.4284e-23 1.4598e-23 7.9166e-03
7.1305e+00 3.4951e-25 1.4113e-23 4.4542e-31 1.0922e-25 3.4951e-25 1.4222e-23 1.4572e-23 7.4955e-03
7.2211e+00 4.0427e-25 1.4058e-23 4.2356e-31 1.0316e-25 4.0427e-25 1.4162e-23 1.4566e-23 7.0823e-03
7.3128e+00 4.8385e-25 1.3998e-23 4.0277e-31 9.7298e-26 4.8385e-25 1.4095e-23 1.4579e-23 6.6738e-03
7.4057e+00 6.0685e-25 1.3940e-23 3.8300e-31 9.1634e-26 6.0685e-25 1.4032e-23 1.4639e-23 6.2597e-03
7.4998e+00 8.0426e-25 1.3884e-23 3.6419e-31 8.6134e-26 8.0426e-25 1.3970e-23 1.4774e-23 5.8299e-03
7.5951e+00 9.8406e-25 1.3820e-23 3.4631e-31 8.0728e-26 9.8406e-25 1.3901e-23 1.4885e-23 5.4236e-03
7.6916e+00 9.7578e-25 1.3752e-23 3.2931e-31 7.5379e-26 9.7578e-25 1.3828e-23 1.4803e-23 5.0921e-03
7.7893e+00 9.2901e-25 1.3665e-23 3.1314e-31 6.9883e-26 9.2901e-25 1.3734e-23 1.4663e-23 4.7658e-03
7.8883e+00 8.3058e-25 1.3673e-23 2.9776e-31 6.4271e-26 8.3058e-25 1.3737e-23 1.4568e-23 4.4118e-03
7.9885e+00 6.3927e-25 1.3840e-23 2.8314e-31 5.9021e-26 6.3927e-25 1.3899e-23 1.4538e-23 4.0597e-03
8.0900e+00 4.7626e-25 1.4177e-23 2.6923e-31 5.4337e-26 4.7626e-25 1.4232e-23 1.4708e-23 3.6945e-03
8.1927e+00 3.8604e-25 1.4706e-23 2.5601e-31 5.0314e-26 3.8604e-25 1.4756e-23 1.5142e-23 3.3227e-03
8.2968e+00 3.4921e-25 1.5586e-23 2.4344e-31 4.7443e-26 3.4921e-25 1.5633e-23 1.5983e-23 2.9684e-03
8.4022e+00 3.4668e-25 1.6521e-23 2.3148e-31 4.5851e-26 3.4668e-25 1.6567e-23 1.6913e-23 2.7110e-03
8.5090e+00 3.9228e-25 1.7386e-23 2.2011e-31 4.5039e-26 3.9228e-25 1.7431e-23 1.7823e-23 2.5270e-03
8.6171e+00 4.2565e-25 1.7866e-23 2.0930e-31 4.3141e-26 4.2565e-25 1.7910e-23 1.8335e-23 2.3529e-03
8.7265e+00 3.2177e-25 1.8889e-23 1.9902e-31 4.1083e-26 3.2177e-25 1.8930e-23 1.9251e-23 2.1340e-03
8.8374e+00 2.2161e-25 2.0726e-23 1.8924e-31 4.2160e-26 2.2161e-25 2.0768e-23 2.0990e-23 2.0086e-03
8.9497e+00 1.6703e-25 2.2540e-23 1.7995e-31 4.4806e-26 1.6703e-25 2.2585e-23 2.2752e-23 1.9693e-03
9.0634e+00 1.3676e-25 2.4300e-23 1.7111e-31 4.7967e-26 1.3676e-25 2.4348e-23 2.4485e-23 1.9591e-03
9.1785e+00 1.1813e-25 2.6174e-23 1.6270e-31 5.2235e-26 1.1813e-25 2.6227e-23 2.6345e-23 1.9828e-03
9.2951e+00 1.0556e-25 2.7979e-23 1.5470e-31 5.7526e-26 1.0556e-25 2.8036e-23 2.8142e-23 2.0441e-03
9.4132e+00 9.6511e-26 2.9452e-23 1.4710e-31 6.3033e-26 9.6511e-26 2.9515e-23 2.9612e-23 2.1287e-03
9.5328e+00 8.9689e-26 3.0484e-23 1.3988e-31 6.8055e-26 8.9689e-26 3.0553e-23 3.0642e-23 2.2210e-03
9.6539e+00 8.4393e-26 3.1070e-23 1.3300e-31 7.2260e-26 8.4393e-26 3.1142e-23 3.1227e-23 2.3140e-03
9.7765e+00 8.0232e-26 3.1217e-23 1.2647e-31 7.5457e-26 8.0232e-26 3.1292e-23 3.1373e-23 2.4052e-03
9.9007e+00 7.6971e-26 3.0927e-23 1.2025e-31 7.7462e-26 7.6971e-26 3.1004e-23 3.1081e-23 2.4923e-03
1.0027e+01 7.4451e-26 3.0249e-23 1.1434e-31 7.8193e-26 7.4451e-26 3.0327e-23 3.0402e-23 2.5720e-03
1.0154e+01 7.2627e-26 2.9256e-23 1.0872e-31 7.7552e-26 7.2627e-26 2.9334e-23 2.9406e-23 2.6373e-03
1.0283e+01 7.1546e-26 2.8109e-23 1.0337e-31 7.5788e-26 7.1546e-26 2.8185e-23 2.8257e-23 2.6821e-03
1.0414e+01 7.1402e-26 2.6959e-23 9.8287e-32 7.3403e-26 7.1402e-26 2.7033e-23 2.7104e-23 2.7082e-03
1.0546e+01 7.2759e-26 2.5858e-23 9.3449e-32 7.0792e-26 7.2759e-26 2.5929e-23 2.6002e-23 2.7226e-03
1.0680e+01 7.6213e-26 2.4799e-23 8.8847e-32 6.8098e-26 7.6213e-26 2.4868e-23 2.4944e-23 2.7301e-03
1.0815e+01 8.2514e-26 2.3770e-23 8.4467e-32 6.5397e-26 8.2514e-26 2.3835e-23 2.3918e-23 2.7342e-03
1.0953e+01 9.8268e-26 2.2738e-23 8.0295e-32 6.2693e-26 9.8268e-26 2.2801e-23 2.2899e-23 2.7378e-03
1.1092e+01 1.4622e-25 2.1676e-23 7.6314e-32 5.9933e-26 1.4622e-25 2.1736e-23 2.1883e-23 2.7389e-03
1.1233e+01 3.1422e-25 2.0532e-23 7.2489e-32 5.6966e-26 3.1422e-25 2.0589e-23 2.0903e-23 2.7253e-03
1.1376e+01 2.3540e-25 1.9343e-23 6.8624e-32 5.3626e-26 2.3540e-25 1.9397e-23 1.9632e-23 2.7316e-03
1.1520e+01 1.5654e-25 1.8295e-23 6.5120e-32 5.0209e-26 1.5654e-25 1.8346e-23 1.8502e-23 2.7137e-03
1.1667e+01 1.1920e-25 1.7358e-23 6.3047e-32 4.7030e-26 1.1920e-25 1.7405e-23 1.7524e-23 2.6838e-03
1.1815e+01 1.1715e-25 1.6471e-23 5.9660e-32 4.4040e-26 1.1715e-25 1.6515e-23 1.6632e-23 2.6479e-03
1.1965e+01 1.2379e-25 1.5583e-23 5.6660e-32 4.1113e-26 1.2379e-25 1.5624e-23 1.5747e-23 2.6108e-03
1.2117e+01 1.1855e-25 1.4700e-23 5.3847e-32 3.8134e-26 1.1855e-25 1.4738e-23 1.4857e-23 2.5668e-03
1.2271e+01 1.1309e-25 1.3888e-23 5.1186e-32 3.5112e-26 1.1309e-25 1.3923e-23 1.4037e-23 2.5015e-03
1.2427e+01 1.2564e-25 1.3222e-23 4.8663e-32 3.2144e-26 1.2564e-25 1.3254e-23 1.3380e-23 2.4024e-03
1.2585e+01 1.4971e-25 1.2778e-23 4.6268e-32 2.9396e-26 1.4971e-25 1.2808e-23 1.2957e-23 2.2686e-03
1.2744e+01 1.3630e-25 1.2571e-23 4.3992e-32 2.7107e-26 1.3631e-25 1.2598e-23 1.2734e-23 2.1287e-03
1.2906e+01 9.8934e-26 1.2473e-23 4.1829e-32 2.5259e-26 9.8934e-26 1.2498e-23 1.2597e-23 2.0052e-03
1.3070e+01 8.1619e-26 1.2349e-23 3.9773e-32 2.3637e-26 8.1619e-26 1.2373e-23 1.2455e-23 1.8978e-03
1.3236e+01 7.6984e-26 1.2253e-23 3.7819e-32 2.2140e-26 7.6984e-26 1.2275e-23 1.2352e-23 1.7924e-03
1.3404e+01 7.8383e-26 1.2158e-23 3.5962e-32 2.0801e-26 7.8383e-26 1.2179e-23 1.2257e-23 1.6970e-03
1.3575e+01 7.4127e-26 1.2071e-23 3.4196e-32 1.9532e-26 7.4127e-26 1.2091e-23 1.2165e-23 1.6057e-03
1.3747e+01 6.4624e-26 1.2003e-23 3.2517e-32 1.8347e-26 6.4624e-26 1.2021e-23 1.2086e-23 1.5180e-03
1.3922e+01 5.9246e-26 1.1960e-23 3.0921e-32 1.7239e-26 5.9246e-26 1.1977e-23 1.2037e-23 1.4322e-03
1.4099e+01 6.0201e-26 1.1948e-23 2.9404e-32 1.6208e-26 6.0201e-26 1.1964e-23 1.2025e-23 1.3479e-03
1.4278e+01 5.7353e-26 1.1969e-23 2.7960e-32 1.5253e-26 5.7353e-26 1.1984e-23 1.2041e-23 1.2667e-03
1.4459e+01 5.0643e-26 1.2030e-23 2.6589e-32 1.4374e-26 5.0643e-26 1.2045e-23 1.2095e-23 1.1884e-03
1.4643e+01 4.7593e-26 1.2140e-23 2.5284e-32 1.3575e-26 4.7593e-26 1.2153e-23 1.2201e-23 1.1126e-03
1.4829e+01 4.5991e-26 1.2302e-23 2.4044e-32 1.2863e-26 4.5991e-26 1.2315e-23 1.2361e-23 1.0406e-03
1.5017e+01 4.4993e-26 1.2516e-23 2.2865e-32 1.2241e-26 4.4993e-26 1.2528e-23 1.2573e-23 9.7362e-04
1.5208e+01 4.4355e-26 1.2773e-23 2.1744e-32 1.1712e-26 4.4355e-26 1.2785e-23 1.2829e-23 9.1291e-04
1.5401e+01 4.4029e-26 1.3070e-23 2.0677e-32 1.1271e-26 4.4029e-26 1.3081e-23 1.3125e-23 8.5872e-04
1.5597e+01 4.4119e-26 1.3397e-23 1.9664e-32 1.0911e-26 4.4119e-26 1.3408e-23 1.3452e-23 8.1110e-04
1.5795e+01 4.5011e-26 1.3742e-23 1.8700e-32 1.0624e-26 4.5011e-26 1.3753e-23 1.3798e-23 7.6998e-04
1.5996e+01 4.6192e-26 1.4100e-23 1.7783e-32 1.0405e-26 4.6192e-26 1.4111e-23 1.4157e-23 7.3495e-04
1.6199e+01 4.9466e-26 1.4459e-23 1.6911e-32 1.0243e-26 4.9466e-26 1.4469e-23 1.4518e-23 7.0551e-04
1.6405e+01 6.4927e-26 1.4806e-23 1.6083e-32 1.0128e-26 6.4927e-26 1.4816e-23 1.4881e-23 6.8058e-04
1.6613e+01 5.9363e-26 1.5127e-23 1.5295e-32 1.0054e-26 5.9363e-26 1.5137e-23 1.5196e-23 6.6158e-04
1.6824e+01 5.9843e-26 1.5411e-23 1.4545e-32 1.0003e-26 5.9843e-26 1.5421e-23 1.5481e-23 6.4615e-04
1.7038e+01 6.1703e-26 1.5645e-23 1.3833e-32 9.9620e-27 6.1703e-26 1.5655e-23 1.5717e-23 6.3384e-04
1.7254e+01 6.0762e-26 1.5825e-23 1.3155e-32 9.9186e-27 6.0762e-26 1.5835e-23 1.5896e-23 6.2397e-04
1.7474e+01 5.4851e-26 1.5951e-23 1.2511e-32 9.8673e-27 5.4851e-26 1.5960e-23 1.6015e-23 6.1612e-04
1.7696e+01 4.7308e-26 1.6020e-23 1.1898e-32 9.8038e-27 4.7308e-26 1.6030e-23 1.6077e-23 6.0980e-04
1.7921e+01 4.3185e-26 1.6034e-23 1.1316e-32 9.7235e-27 4.3185e-26 1.6044e-23 1.6087e-23 6.0444e-04
1.8148e+01 3.9127e-26 1.5993e-23 1.0762e-32 9.6245e-27 3.9127e-26 1.6002e-23 1.6042e-23 5.9998e-04
1.8379e+01 3.6670e-26 1.5894e-23 1.0235e-32 9.5038e-27 3.6670e-26 1.5904e-23 1.5941e-23 5.9620e-04
1.8612e+01 3.5475e-26 1.5741e-23 9.7344e-33 9.3584e-27 3.5475e-26 1.5750e-23 1.5785e-23 5.9285e-04
1.8849e+01 3.5949e-26 1.5528e-23 9.2580e-33 9.1840e-27 3.5949e-26 1.5538e-23 1.5574e-23 5.8972e-04
1.9088e+01 3.4124e-26 1.5262e-23 8.8051e-33 8.9766e-27 3.4124e-26 1.5271e-23 1.5305e-23 5.8651e-04
1.9331e+01 3.1951e-26 1.4962e-23 8.3744e-33 8.7470e-27 3.1951e-26 1.4970e-23 1.5002e-23 5.8304e-04
1.9576e+01 3.0810e-26 1.4626e-23 7.9648e-33 8.4838e-27 3.0810e-26 1.4634e-23 1.4665e-23 5.7852e-04
1.9825e+01 2.9953e-26 1.4273e-23 7.5753e-33 8.1969e-27 2.9953e-26 1.4281e-23 1.4311e-23 5.7277e-04
2.0077e+01 2.9213e-26 1.3935e-23 7.2050e-33 7.8977e-27 2.9213e-26 1.3943e-23 1.3972e-23 5.6524e-04
2.0332e+01 2.8541e-26 1.3627e-23 6.8528e-33 7.6056e-27 2.8541e-26 1.3635e-23 1.3664e-23 5.5664e-04
2.0590e+01 2.7917e-26 1.3336e-23 6.5178e-33 7.3214e-27 2.7917e-26 1.3343e-23 1.3371e-23 5.4755e-04
2.0852e+01 2.7330e-26 1.3063e-23 6.1994e-33 7.0510e-27 2.7330e-26 1.3070e-23 1.3098e-23 5.3835e-04
2.1117e+01 2.6772e-26 1.2804e-23 5.8965e-33 6.7962e-27 2.6772e-26 1.2811e-23 1.2837e-23 5.2941e-04
2.1385e+01 2.6241e-26 1.2541e-23 5.6084e-33 6.5494e-27 2.6241e-26 1.2548e-23 1.2574e-23 5.2087e-04
2.1657e+01 2.5732e-26 1.2277e-23 5.3345e-33 6.3164e-27 2.5732e-26 1.2284e-23 1.2309e-23 5.1314e-04
2.1932e+01 2.5244e-26 1.2005e-23 5.0741e-33 6.0937e-27 2.5244e-26 1.2011e-23 1.2036e-23 5.0627e-04
2.2210e+01 2.4774e-26 1.1713e-23 4.8263e-33 5.8704e-27 2.4774e-26 1.1719e-23 1.1744e-23 4.9987e-04
2.2492e+01 2.4321e-26 1.1406e-23 4.5908e-33 5.6476e-27 2.4321e-26 1.1412e-23 1.1436e-23 4.9384e-04
2.2778e+01 2.3884e-26 1.1091e-23 4.3667e-33 5.4240e-27 2.3884e-26 1.1097e-23 1.1120e-23 4.8774e-04
2.3068e+01 2.3461e-26 1.0763e-23 4.1537e-33 5.1983e-27 2.3461e-26 1.0769e-23 1.0792e-23 4.8168e-04
2.3361e+01 2.3053e-26 1.0443e-23 3.9510e-33 4.9774e-27 2.3053e-26 1.0448e-23 1.0471e-23 4.7535e-04
2.3657e+01 2.2658e-26 1.0129e-23 3.7583e-33 4.7597e-27 2.2658e-26 1.0134e-23 1.0157e-23 4.6863e-04
2.3958e+01 2.2276e-26 9.8266e-24 3.5751e-33 4.5462e-27 2.2276e-26 9.8312e-24 9.8535e-24 4.6138e-04
2.4262e+01 2.1905e-26 9.5346e-24 3.4008e-33 4.3416e-27 2.1905e-26 9.5389e-24 9.5608e-24 4.5410e-04
2.4571e+01 2.1546e-26 9.2555e-24 3.2350e-33 4.1426e-27 2.1546e-26 9.2596e-24 9.2812e-24 4.4635e-04
2.4883e+01 2.1198e-26 8.9816e-24 3.0774e-33 3.9502e-27 2.1198e-26 8.9855e-24 9.0067e-24 4.3858e-04
2.5199e+01 2.0861e-26 8.7183e-24 2.9275e-33 3.7669e-27 2.0861e-26 8.7221e-24 8.7430e-24 4.3085e-04
2.5519e+01 2.0533e-26 8.4689e-24 2.7848e-33 3.5921e-27 2.0533e-26 8.4725e-24 8.4931e-24 4.2294e-04
2.5843e+01 2.0215e-26 8.2258e-24 2.6492e-33 3.4245e-27 2.0215e-26 8.2292e-24 8.2494e-24 4.1513e-04
2.6171e+01 1.9906e-26 7.9880e-24 2.5202e-33 3.2638e-27 1.9906e-26 7.9913e-24 8.0112e-24 4.0740e-04
2.6504e+01 1.9605e-26 7.7577e-24 2.3976e-33 3.1108e-27 1.9605e-26 7.7608e-24 7.7804e-24 3.9982e-04
2.6841e+01 1.9313e-26 7.5390e-24 2.2809e-33 2.9649e-27 1.9313e-26 7.5420e-24 7.5613e-24 3.9212e-04
2.7182e+01 1.9028e-26 7.3214e-24 2.1699e-33 2.8248e-27 1.9028e-26 7.3242e-24 7.3432e-24 3.8468e-04
2.7527e+01 1.8752e-26 7.1137e-24 2.0644e-33 2.6909e-27 1.8752e-26 7.1163e-24 7.1351e-24 3.7714e-04
2.7877e+01 1.8482e-26 6.9099e-24 1.9639e-33 2.5621e-27 1.8482e-26 6.9124e-24 6.9309e-24 3.6966e-04
2.8231e+01 1.8220e-26 6.7123e-24 1.8685e-33 2.4395e-27 1.8220e-26 6.7147e-24 6.7329e-24 3.6233e-04
2.8589e+01 1.7964e-26 6.5206e-24 1.7777e-33 2.3231e-27 1.7964e-26 6.5230e-24 6.5409e-24 3.5516e-04
2.8953e+01 1.7715e-26 6.3355e-24 1.6913e-33 2.2119e-27 1.7715e-26 6.3377e-24 6.3554e-24 3.4803e-04
2.9321e+01 1.7471e-26 6.1554e-24 1.6091e-33 2.1052e-27 1.7471e-26 6.1575e-24 6.1749e-24 3.4093e-04
2.9693e+01 1.7234e-26 5.9800e-24 1.5309e-33 2.0040e-27 1.7234e-26 5.9820e-24 5.9992e-24 3.3404e-04
3.0070e+01 1.7002e-26 5.8123e-24 1.4566e-33 1.9076e-27 1.7002e-26 5.8142e-24 5.8312e-24 3.2714e-04
3.0452e+01 1.6775e-26 5.6477e-24 1.3859e-33 1.8154e-27 1.6775e-26 5.6496e-24 5.6663e-24 3.2038e-04
3.0839e+01 1.6553e-26 5.4870e-24 1.3186e-33 1.7275e-27 1.6553e-26 5.4888e-24 5.5053e-24 3.1379e-04
3.1231e+01 1.6337e-26 5.3311e-24 1.2546e-33 1.6440e-27 1.6337e-26 5.3328e-24 5.3491e-24 3.0734e-04
3.1628e+01 1.6124e-26 5.1811e-24 1.1937e-33 1.5637e-27 1.6124e-26 5.1827e-24 5.1988e-24 3.0078e-04
3.2029e+01 1.5917e-26 5.0352e-24 1.1358e-33 1.4874e-27 1.5917e-26 5.0367e-24 5.0526e-24 2.9439e-04
3.2436e+01 1.5713e-26 4.8906e-24 1.0808e-33 1.4152e-27 1.5713e-26 4.8921e-24 4.9078e-24 2.8836e-04
3.2848e+01 1.5514e-26 4.7545e-24 1.0284e-33 1.3463e-27 1.5514e-26 4.7558e-24 4.7713e-24 2.8217e-04
3.3266e+01 1.5318e-26 4.6225e-24 9.7853e-34 1.2806e-27 1.5318e-26 4.6238e-24 4.6391e-24 2.7605e-04
3.3688e+01 1.5126e-26 4.4904e-24 9.3111e-34 1.2180e-27 1.5126e-26 4.4916e-24 4.5068e-24 2.7027e-04
3.4116e+01 1.4938e-26 4.3640e-24 8.8600e-34 1.1585e-27 1.4938e-26 4.3651e-24 4.3801e-24 2.6449e-04
3.4550e+01 1.4753e-26 4.2427e-24 8.4310e-34 1.1019e-27 1.4753e-26 4.2438e-24 4.2585e-24 2.5874e-04
3.4989e+01 1.4571e-26 4.1229e-24 8.0227e-34 1.0478e-27 1.4571e-26 4.1240e-24 4.1386e-24 2.5317e-04
3.5433e+01 1.4393e-26 4.0078e-24 7.6343e-34 9.9663e-28 1.4393e-26 4.0088e-24 4.0232e-24 2.4772e-04
3.5883e+01 1.4217e-26 3.8970e-24 7.2649e-34 9.4764e-28 1.4217e-26 3.8979e-24 3.9122e-24 2.4223e-04
3.6339e+01 1.4044e-26 3.7890e-24 6.9133e-34 9.0109e-28 1.4044e-26 3.7899e-24 3.8040e-24 2.3688e-04
3.6801e+01 1.3874e-26 3.6818e-24 6.5789e-34 8.5694e-28 1.3874e-26 3.6827e-24 3.6966e-24 2.3182e-04
3.7268e+01 1.3706e-26 3.5803e-24 6.2607e-34 8.1460e-28 1.3706e-26 3.5811e-24 3.5948e-24 2.2661e-04
3.7742e+01 1.3541e-26 3.4803e-24 5.9580e-34 7.7466e-28 1.3541e-26 3.4811e-24 3.4946e-24 2.2168e-04
3.8221e+01 1.3378e-26 3.3827e-24 5.6699e-34 7.3649e-28 1.3378e-26 3.3834e-24 3.3968e-24 2.1682e-04
3.8707e+01 1.3218e-26 3.2891e-24 5.3959e-34 7.0017e-28 1.3218e-26 3.2898e-24 3.3030e-24 2.1198e-04
3.9199e+01 1.3059e-26 3.1980e-24 5.1352e-34 6.6570e-28 1.3059e-26 3.1987e-24 3.2117e-24 2.0727e-04
3.9697e+01 1.2903e-26 3.1093e-24 4.8871e-34 6.3298e-28 1.2903e-26 3.1099e-24 3.1228e-24 2.0270e-04
4.0201e+01 1.2748e-26 3.0247e-24 4.6511e-34 6.0181e-28 1.2748e-26 3.0253e-24 3.0380e-24 1.9809e-04
4.0712e+01 1.2596e-26 2.9391e-24 4.4265e-34 5.7211e-28 1.2596e-26 2.9396e-24 2.9522e-24 1.9379e-04
4.1229e+01 1.2445e-26 2.8591e-24 4.2128e-34 5.4397e-28 1.2445e-26 2.8596e-24 2.8721e-24 1.8940e-04
4.1753e+01 1.2296e-26 2.7813e-24 4.0094e-34 5.1700e-28 1.2296e-26 2.7818e-24 2.7941e-24 1.8503e-04
4.2283e+01 1.2149e-26 2.7035e-24 3.8160e-34 4.9149e-28 1.2149e-26 2.7040e-24 2.7162e-24 1.8095e-04
4.2820e+01 1.2003e-26 2.6284e-24 3.6319e-34 4.6724e-28 1.2003e-26 2.6289e-24 2.6409e-24 1.7692e-04
4.3364e+01 1.1859e-26 2.5566e-24 3.4566e-34 4.4414e-28 1.1859e-26 2.5570e-24 2.5689e-24 1.7290e-04
4.3915e+01 1.1716e-26 2.4865e-24 3.2899e-34 4.2223e-28 1.1716e-26 2.4869e-24 2.4986e-24 1.6898e-04
4.4473e+01 1.1574e-26 2.4192e-24 3.1313e-34 4.0136e-28 1.1574e-26 2.4196e-24 2.4311e-24 1.6509e-04
4.5038e+01 1.1434e-26 2.3519e-24 2.9803e-34 3.8150e-28 1.1434e-26 2.3523e-24 2.3637e-24 1.6139e-04
4.5610e+01 1.1295e-26 2.2877e-24 2.8366e-34 3.6265e-28 1.1295e-26 2.2881e-24 2.2994e-24 1.5771e-04
4.6190e+01 1.1158e-26 2.2260e-24 2.6999e-34 3.4476e-28 1.1158e-26 2.2264e-24 2.2375e-24 1.5408e-04
4.6777e+01 1.1021e-26 2.1657e-24 2.5698e-34 3.2761e-28 1.1021e-26 2.1660e-24 2.1770e-24 1.5049e-04
4.7371e+01 1.0886e-26 2.1068e-24 2.4460e-34 3.1147e-28 1.0886e-26 2.1071e-24 2.1180e-24 1.4706e-04
4.7973e+01 1.0752e-26 2.0490e-24 2.3282e-34 2.9601e-28 1.0752e-26 2.0493e-24 2.0601e-24 1.4369e-04
4.8582e+01 1.0619e-26 1.9926e-24 2.2160e-34 2.8138e-28 1.0619e-26 1.9928e-24 2.0035e-24 1.4045e-04
4.9199e+01 1.0487e-26 1.9397e-24 2.1093e-34 2.6745e-28 1.0487e-26 1.9400e-24 1.9505e-24 1.3712e-04
4.9824e+01 1.0356e-26 1.8863e-24 2.0077e-34 2.5421e-28 1.0356e-26 1.8866e-24 1.8970e-24 1.3401e-04
5.0457e+01 1.0226e-26 1.8352e-24 1.9111e-34 2.4163e-28 1.0226e-26 1.8355e-24 1.8457e-24 1.3092e-04
5.1098e+01 1.0097e-26 1.7858e-24 1.8191e-34 2.2966e-28 1.0097e-26 1.7861e-24 1.7962e-24 1.2786e-04
5.1747e+01 9.9693e-27 1.7376e-24 1.7315e-34 2.1829e-28 9.9693e-27 1.7378e-24 1.7478e-24 1.2489e-04
5.2405e+01 9.8423e-27 1.6905e-24 1.6482e-34 2.0749e-28 9.8423e-27 1.6907e-24 1.7005e-24 1.2201e-04
5.3071e+01 9.7160e-27 1.6445e-24 1.5689e-34 1.9723e-28 9.7160e-27 1.6447e-24 1.6544e-24 1.1922e-04
5.3745e+01 9.5906e-27 1.6006e-24 1.4933e-34 1.8745e-28 9.5906e-27 1.6008e-24 1.6104e-24 1.1640e-04
5.4428e+01 9.4661e-27 1.5578e-24 1.4215e-34 1.7816e-28 9.4661e-27 1.5580e-24 1.5675e-24 1.1366e-04
5.5119e+01 9.3424e-27 1.5159e-24 1.3531e-34 1.6933e-28 9.3424e-27 1.5161e-24 1.5254e-24 1.1101e-04
5.5819e+01 9.2196e-27 1.4751e-24 1.2880e-34 1.6096e-28 9.2196e-27 1.4752e-24 1.4844e-24 1.0843e-04
5.6528e+01 9.0976e-27 1.4355e-24 1.2260e-34 1.5298e-28 9.0976e-27 1.4357e-24 1.4448e-24 1.0589e-04
5.7247e+01 8.9764e-27 1.3970e-24 1.1671e-34 1.4541e-28 8.9764e-27 1.3971e-24 1.4061e-24 1.0341e-04
5.7974e+01 8.8561e-27 1.3595e-24 1.1109e-34 1.3821e-28 8.8561e-27 1.3596e-24 1.3685e-24 1.0100e-04
5.8710e+01 8.7366e-27 1.3232e-24 1.0575e-34 1.3137e-28 8.7366e-27 1.3234e-24 1.3321e-24 9.8615e-05
5.9456e+01 8.6178e-27 1.2878e-24 1.0066e-34 1.2486e-28 8.6178e-27 1.2880e-24 1.2966e-24 9.6301e-05
6.0212e+01 8.4999e-27 1.2540e-24 9.5820e-35 1.1866e-28 8.4999e-27 1.2541e-24 1.2626e-24 9.3980e-05
6.0977e+01 8.3827e-27 1.2203e-24 9.1211e-35 1.1280e-28 8.3827e-27 1.2205e-24 1.2288e-24 9.1791e-05
6.1751e+01 8.2662e-27 1.1881e-24 8.6824e-35 1.0720e-28 8.2662e-27 1.1882e-24 1.1965e-24 8.9599e-05
6.2536e+01 8.1505e-27 1.1560e-24 8.2648e-35 1.0191e-28 8.1505e-27 1.1561e-24 1.1642e-24 8.7532e-05
6.3330e+01 8.0357e-27 1.1254e-24 7.8672e-35 9.6861e-29 8.0357e-27 1.1255e-24 1.1335e-24 8.5454e-05
6.4135e+01 7.9216e-27 1.0958e-24 7.4889e-35 9.2058e-29 7.9216e-27 1.0958e-24 1.1038e-24 8.3404e-05
6.4949e+01 7.8083e-27 1.0670e-24 7.1286e-35 8.7494e-29 7.8083e-27 1.0671e-24 1.0749e-24 8.1400e-05
6.5775e+01 7.6958e-27 1.0389e-24 6.7857e-35 8.3158e-29 7.6958e-27 1.0390e-24 1.0467e-24 7.9451e-05
6.6610e+01 7.5841e-27 1.0113e-24 6.4593e-35 7.9045e-29 7.5841e-27 1.0114e-24 1.0189e-24 7.7575e-05
6.7456e+01 7.4733e-27 9.8464e-25 6.1486e-35 7.5131e-29 7.4733e-27 9.8471e-25 9.9218e-25 7.5723e-05
6.8313e+01 7.3632e-27 9.5878e-25 5.8528e-35 7.1408e-29 7.3632e-27 9.5885e-25 9.6621e-25 7.3905e-05
6.9181e+01 7.2540e-27 9.3357e-25 5.5711e-35 6.7873e-29 7.2540e-27 9.3363e-25 9.4089e-25 7.2137e-05
7.0060e+01 7.1454e-27 9.0889e-25 5.3031e-35 6.4514e-29 7.1454e-27 9.0895e-25 9.1610e-25 7.0423e-05
7.0950e+01 7.0378e-27 8.8498e-25 5.0479e-35 6.1322e-29 7.0378e-27 8.8504e-25 8.9208e-25 6.8741e-05
7.1852e+01 6.9309e-27 8.6202e-25 4.8050e-35 5.8282e-29 6.9309e-27 8.6208e-25 8.6901e-25 6.7068e-05
7.2764e+01 6.8250e-27 8.3933e-25 4.5738e-35 5.5400e-29 6.8250e-27 8.3939e-25 8.4621e-25 6.5468e-05
7.3689e+01 6.7198e-27 8.1758e-25 4.3536e-35 5.2653e-29 6.7198e-27 8.1763e-25 8.2435e-25 6.3872e-05
7.4625e+01 6.6155e-27 7.9602e-25 4.1440e-35 5.0050e-29 6.6155e-27 7.9607e-25 8.0268e-25 6.2354e-05
7.5573e+01 6.5121e-27 7.7510e-25 3.9445e-35 4.7577e-29 6.5121e-27 7.7515e-25 7.8166e-25 6.0866e-05
7.6533e+01 6.4096e-27 7.5496e-25 3.7546e-35 4.5223e-29 6.4096e-27 7.5500e-25 7.6141e-25 5.9393e-05
7.7505e+01 6.3079e-27 7.3569e-25 3.5738e-35 4.2977e-29 6.3079e-27 7.3574e-25 7.4204e-25 5.7918e-05
7.8490e+01 6.2071e-27 7.1645e-25 3.4017e-35 4.0851e-29 6.2071e-27 7.1649e-25 7.2269e-25 5.6526e-05
7.9487e+01 6.1071e-27 6.9776e-25 3.2378e-35 3.8833e-29 6.1071e-27 6.9780e-25 7.0391e-25 5.5168e-05
8.0497e+01 6.0081e-27 6.7987e-25 3.0818e-35 3.6908e-29 6.0081e-27 6.7990e-25 6.8591e-25 5.3808e-05
8.1520e+01 5.9100e-27 6.6207e-25 2.9333e-35 3.5084e-29 5.9100e-27 6.6210e-25 6.6801e-25 5.2521e-05
8.2555e+01 5.8128e-27 6.4501e-25 2.7920e-35 3.3349e-29 5.8128e-27 6.4504e-25 6.5085e-25 5.1239e-05
8.3604e+01 5.7165e-27 6.2820e-25 2.6574e-35 3.1702e-29 5.7165e-27 6.2823e-25 6.3395e-25 5.0007e-05
8.4666e+01 5.6212e-27 6.1206e-25 2.5293e-35 3.0132e-29 5.6212e-27 6.1209e-25 6.1771e-25 4.8780e-05
8.5742e+01 5.5268e-27 5.9630e-25 2.4074e-35 2.8641e-29 5.5268e-27 5.9633e-25 6.0185e-25 4.7588e-05
8.6831e+01 5.4334e-27 5.8096e-25 2.2913e-35 2.7225e-29 5.4334e-27 5.8099e-25 5.8642e-25 4.6425e-05
8.7934e+01 5.3409e-27 5.6596e-25 2.1808e-35 2.5879e-29 5.3409e-27 5.6599e-25 5.7133e-25 4.5296e-05
8.9051e+01 5.2494e-27 5.5142e-25 2.0756e-35 2.4600e-29 5.2494e-27 5.5144e-25 5.5669e-25 4.4190e-05
9.0183e+01 5.1589e-27 5.3756e-25 1.9754e-35 2.3380e-29 5.1589e-27 5.3759e-25 5.4275e-25 4.3077e-05
9.1328e+01 5.0693e-27 5.2362e-25 1.8801e-35 2.2226e-29 5.0693e-27 5.2364e-25 5.2871e-25 4.2038e-05
9.2489e+01 4.9806e-27 5.1013e-25 1.7894e-35 2.1128e-29 4.9806e-27 5.1015e-25 5.1514e-25 4.1015e-05
9.3664e+01 4.8930e-27 4.9720e-25 1.7030e-35 2.0082e-29 4.8930e-27 4.9722e-25 5.0211e-25 3.9995e-05
9.4854e+01 4.8064e-27 4.8447e-25 1.6208e-35 1.9090e-29 4.8064e-27 4.8449e-25 4.8929e-25 3.9016e-05
9.6059e+01 4.7207e-27 4.7224e-25 1.5425e-35 1.8145e-29 4.7207e-27 4.7226e-25 4.7698e-25 3.8041e-05
9.7279e+01 4.6361e-27 4.6016e-25 1.4680e-35 1.7249e-29 4.6361e-27 4.6018e-25 4.6482e-25 3.7110e-05
9.8515e+01 4.5525e-27 4.4843e-25 1.3971e-35 1.6397e-29 4.5525e-27 4.4844e-25 4.5300e-25 3.6197e-05
9.9766e+01 4.4699e-27 4.3710e-25 1.3295e-35 1.5586e-29 4.4699e-27 4.3711e-25 4.4158e-25 3.5296e-05
1.0103e+02 4.3884e-27 4.2608e-25 1.2653e-35 1.4815e-29 4.3884e-27 4.2609e-25 4.3048e-25 3.4416e-05
1.0232e+02 4.3078e-27 4.1529e-25 1.2041e-35 1.4083e-29 4.3078e-27 4.1531e-25 4.1961e-25 3.3562e-05
1.0362e+02 4.2282e-27 4.0480e-25 1.1459e-35 1.3387e-29 4.2282e-27 4.0481e-25 4.0904e-25 3.2729e-05
1.0493e+02 4.1496e-27 3.9452e-25 1.0904e-35 1.2726e-29 4.1496e-27 3.9453e-25 3.9868e-25 3.1920e-05
1.0627e+02 4.0720e-27 3.8457e-25 1.0377e-35 1.2098e-29 4.0720e-27 3.8458e-25 3.8865e-25 3.1127e-05
1.0762e+02 3.9955e-27 3.7480e-25 9.8748e-36 1.1500e-29 3.9955e-27 3.7481e-25 3.7881e-25 3.0359e-05
1.0898e+02 3.9201e-27 3.6544e-25 9.3969e-36 1.0932e-29 3.9201e-27 3.6545e-25 3.6937e-25 2.9595e-05
1.1037e+02 3.8456e-27 3.5632e-25 8.9419e-36 1.0391e-29 3.8456e-27 3.5633e-25 3.6018e-25 2.8850e-05
1.1177e+02 3.7722e-27 3.4729e-25 8.5089e-36 9.8786e-30 3.7722e-27 3.4730e-25 3.5107e-25 2.8139e-05
1.1319e+02 3.6997e-27 3.3848e-25 8.0968e-36 9.3917e-30 3.6997e-27 3.3849e-25 3.4219e-25 2.7446e-05
1.1463e+02 3.6284e-27 3.3012e-25 7.7045e-36 8.9270e-30 3.6284e-27 3.3013e-25 3.3376e-25 2.6747e-05
1.1608e+02 3.5580e-27 3.2178e-25 7.3312e-36 8.4869e-30 3.5580e-27 3.2179e-25 3.2534e-25 2.6086e-05
1.1756e+02 3.4886e-27 3.1385e-25 6.9759e-36 8.0669e-30 3.4886e-27 3.1386e-25 3.1735e-25 2.5420e-05
1.1905e+02 3.4203e-27 3.0597e-25 6.6377e-36 7.6695e-30 3.4203e-27 3.0598e-25 3.0940e-25 2.4788e-05
1.2057e+02 3.3529e-27 2.9838e-25 6.3158e-36 7.2904e-30 3.3529e-27 2.9839e-25 3.0174e-25 2.4161e-05
1.2210e+02 3.2866e-27 2.9088e-25 6.0094e-36 6.9310e-30 3.2866e-27 2.9089e-25 2.9418e-25 2.3561e-05
1.2365e+02 3.2213e-27 2.8374e-25 5.7180e-36 6.5882e-30 3.2213e-27 2.8375e-25 2.8697e-25 2.2958e-05
1.2522e+02 3.1569e-27 2.7666e-25 5.4405e-36 6.2633e-30 3.1569e-27 2.7667e-25 2.7982e-25 2.2383e-05
1.2681e+02 3.0936e-27 2.6980e-25 5.1764e-36 5.9544e-30 3.0936e-27 2.6980e-25 2.7290e-25 2.1819e-05
1.2842e+02 3.0313e-27 2.6315e-25 4.9252e-36 5.6601e-30 3.0313e-27 2.6315e-25 2.6619e-25 2.1264e-05
1.3005e+02 2.9700e-27 2.5667e-25 4.6860e-36 5.3804e-30 2.9700e-27 2.5668e-25 2.5965e-25 2.0722e-05
1.3170e+02 2.9096e-27 2.5024e-25 4.4584e-36 5.1159e-30 2.9096e-27 2.5025e-25 2.5316e-25 2.0208e-05
1.3338e+02 2.8502e-27 2.4408e-25 4.2418e-36 4.8632e-30 2.8502e-27 2.4408e-25 2.4693e-25 1.9694e-05
1.3507e+02 2.7918e-27 2.3811e-25 4.0357e-36 4.6231e-30 2.7918e-27 2.3811e-25 2.4091e-25 1.9190e-05
1.3679e+02 2.7343e-27 2.3226e-25 3.8396e-36 4.3949e-30 2.7343e-27 2.3227e-25 2.3500e-25 1.8701e-05
1.3853e+02 2.6778e-27 2.2658e-25 3.6529e-36 4.1780e-30 2.6778e-27 2.2658e-25 2.2926e-25 1.8224e-05
1.4029e+02 2.6222e-27 2.2103e-25 3.4753e-36 3.9718e-30 2.6222e-27 2.2103e-25 2.2365e-25 1.7759e-05
1.4207e+02 2.5676e-27 2.1562e-25 3.3063e-36 3.7758e-30 2.5676e-27 2.1562e-25 2.1819e-25 1.7305e-05
1.4387e+02 2.5139e-27 2.1034e-25 3.1455e-36 3.5895e-30 2.5139e-27 2.1034e-25 2.1286e-25 1.6864e-05
1.4570e+02 2.4611e-27 2.0519e-25 2.9925e-36 3.4125e-30 2.4611e-27 2.0520e-25 2.0766e-25 1.6433e-05
1.4755e+02 2.4093e-27 2.0018e-25 2.8468e-36 3.2442e-30 2.4093e-27 2.0019e-25 2.0259e-25 1.6013e-05
1.4943e+02 2.3583e-27 1.9528e-25 2.7083e-36 3.0843e-30 2.3583e-27 1.9529e-25 1.9765e-25 1.5605e-05
1.5132e+02 2.3083e-27 1.9053e-25 2.5764e-36 2.9322e-30 2.3083e-27 1.9053e-25 1.9284e-25 1.5206e-05
1.5325e+02 2.2591e-27 1.8587e-25 2.4510e-36 2.7877e-30 2.2591e-27 1.8588e-25 1.8814e-25 1.4818e-05
1.5519e+02 2.2109e-27 1.8136e-25 2.3316e-36 2.6503e-30 2.2109e-27 1.8136e-25 1.8357e-25 1.4438e-05
1.5717e+02 2.1635e-27 1.7694e-25 2.2180e-36 2.5198e-30 2.1635e-27 1.7694e-25 1.7911e-25 1.4069e-05
1.5916e+02 2.1169e-27 1.7269e-25 2.1099e-36 2.3954e-30 2.1169e-27 1.7269e-25 1.7481e-25 1.3703e-05
1.6118e+02 2.0713e-27 1.6855e-25 2.0071e-36 2.2771e-30 2.0713e-27 1.6855e-25 1.7062e-25 1.3345e-05
1.6323e+02 2.0264e-27 1.6444e-25 1.9093e-36 2.1649e-30 2.0264e-27 1.6445e-25 1.6647e-25 1.3005e-05
1.6531e+02 1.9824e-27 1.6047e-25 1.8162e-36 2.0583e-30 1.9824e-27 1.6047e-25 1.6246e-25 1.2670e-05
1.6741e+02 1.9392e-27 1.5656e-25 1.7276e-36 1.9570e-30 1.9392e-27 1.5656e-25 1.5850e-25 1.2347e-05
1.6953e+02 1.8969e-27 1.5288e-25 1.6434e-36 1.8602e-30 1.8969e-27 1.5288e-25 1.5477e-25 1.2019e-05
1.7169e+02 1.8553e-27 1.4916e-25 1.5632e-36 1.7686e-30 1.8553e-27 1.4917e-25 1.5102e-25 1.1711e-05
1.7387e+02 1.8145e-27 1.4555e-25 1.4869e-36 1.6816e-30 1.8145e-27 1.4555e-25 1.4737e-25 1.1411e-05
1.7608e+02 1.7746e-27 1.4207e-25 1.4144e-36 1.5988e-30 1.7746e-27 1.4207e-25 1.4385e-25 1.1114e-05
1.7831e+02 1.7353e-27 1.3872e-25 1.3454e-36 1.5198e-30 1.7353e-27 1.3872e-25 1.4046e-25 1.0820e-05
1.8058e+02 1.6969e-27 1.3537e-25 1.2797e-36 1.4450e-30 1.6969e-27 1.3537e-25 1.3707e-25 1.0542e-05
1.8287e+02 1.6592e-27 1.3215e-25 1.2172e-36 1.3738e-30 1.6592e-27 1.3215e-25 1.3381e-25 1.0266e-05
1.8520e+02 1.6222e-27 1.2901e-25 1.1578e-36 1.3060e-30 1.6222e-27 1.2901e-25 1.3063e-25 9.9978e-06
1.8755e+02 1.5860e-27 1.2590e-25 1.1012e-36 1.2418e-30 1.5860e-27 1.2590e-25 1.2748e-25 9.7405e-06
1.8993e+02 1.5505e-27 1.2293e-25 1.0474e-36 1.1805e-30 1.5505e-27 1.2293e-25 1.2448e-25 9.4835e-06
1.9234e+02 1.5157e-27 1.2001e-25 9.9626e-37 1.1224e-30 1.5157e-27 1.2001e-25 1.2153e-25 9.2356e-06
1.9479e+02 1.4817e-27 1.1713e-25 9.4758e-37 1.0672e-30 1.4817e-27 1.1714e-25 1.1862e-25 8.9969e-06
1.9726e+02 1.4482e-27 1.1439e-25 9.0127e-37 1.0144e-30 1.4482e-27 1.1439e-25 1.1584e-25 8.7572e-06
1.9977e+02 1.4155e-27 1.1167e-25 8.5722e-37 9.6459e-31 1.4155e-27 1.1167e-25 1.1308e-25 8.5299e-06
2.0231e+02 1.3834e-27 1.0901e-25 8.1531e-37 9.1713e-31 1.3834e-27 1.0901e-25 1.1039e-25 8.3079e-06
2.0488e+02 1.3521e-27 1.0645e-25 7.7544e-37 8.7187e-31 1.3521e-27 1.0645e-25 1.0781e-25 8.0874e-06
2.0748e+02 1.3213e-27 1.0395e-25 7.3753e-37 8.2895e-31 1.3213e-27 1.0395e-25 1.0527e-25 7.8745e-06
2.1012e+02 1.2912e-27 1.0150e-25 7.0146e-37 7.8809e-31 1.2912e-27 1.0150e-25 1.0280e-25 7.6666e-06
2.1278e+02 1.2617e-27 9.9125e-26 6.6714e-37 7.4925e-31 1.2617e-27 9.9126e-26 1.0039e-25 7.4636e-06
2.1549e+02 1.2328e-27 9.6797e-26 6.3451e-37 7.1237e-31 1.2328e-27 9.6798e-26 9.8031e-26 7.2668e-06
2.1823e+02 1.2045e-27 9.4487e-26 6.0346e-37 6.7737e-31 1.2045e-27 9.4488e-26 9.5692e-26 7.0786e-06
2.2100e+02 1.1769e-27 9.2307e-26 5.7393e-37 6.4395e-31 1.1769e-27 9.2307e-26 9.3484e-26 6.8883e-06
2.2381e+02 1.1498e-27 9.0127e-26 5.4584e-37 6.1230e-31 1.1498e-27 9.0128e-26 9.1277e-26 6.7082e-06
2.2665e+02 1.1232e-27 8.8044e-26 5.1912e-37 5.8208e-31 1.1232e-27 8.8045e-26 8.9168e-26 6.5279e-06
2.2953e+02 1.0973e-27 8.5984e-26 4.9370e-37 5.5347e-31 1.0973e-27 8.5985e-26 8.7082e-26 6.3557e-06
2.3244e+02 1.0719e-27 8.4001e-26 4.6953e-37 5.2617e-31 1.0719e-27 8.4002e-26 8.5074e-26 6.1849e-06
2.3540e+02 1.0471e-27 8.2028e-26 4.4654e-37 5.0029e-31 1.0471e-27 8.2029e-26 8.3076e-26 6.0221e-06
2.3839e+02 1.0227e-27 8.0123e-26 4.2467e-37 4.7565e-31 1.0227e-27 8.0123e-26 8.1146e-26 5.8616e-06
2.4142e+02 9.9893e-28 7.8268e-26 4.0387e-37 4.5223e-31 9.9893e-28 7.8269e-26 7.9268e-26 5.7051e-06
2.4448e+02 9.7566e-28 7.6464e-26 3.8409e-37 4.2998e-31 9.7566e-28 7.6464e-26 7.7440e-26 5.5524e-06
2.4759e+02 9.5289e-28 7.4698e-26 3.6527e-37 4.0879e-31 9.5289e-28 7.4699e-26 7.5652e-26 5.4036e-06
2.5073e+02 9.3062e-28 7.2957e-26 3.4737e-37 3.8870e-31 9.3062e-28 7.2957e-26 7.3888e-26 5.2606e-06
2.5392e+02 9.0884e-28 7.1288e-26 3.3035e-37 3.6952e-31 9.0884e-28 7.1288e-26 7.2197e-26 5.1183e-06
2.5715e+02 8.8753e-28 6.9640e-26 3.1416e-37 3.5138e-31 8.8753e-28 6.9640e-26 7.0528e-26 4.9821e-06
2.6041e+02 8.6669e-28 6.8037e-26 2.9876e-37 3.3405e-31 8.6669e-28 6.8038e-26 6.8904e-26 4.8480e-06
2.6372e+02 8.4631e-28 6.6459e-26 2.8412e-37 3.1764e-31 8.4631e-28 6.6459e-26 6.7306e-26 4.7193e-06
2.6707e+02 8.2638e-28 6.4944e-26 2.7019e-37 3.0199e-31 8.2638e-28 6.4944e-26 6.5771e-26 4.5916e-06
2.7046e+02 8.0690e-28 6.3451e-26 2.5695e-37 2.8714e-31 8.0690e-28 6.3452e-26 6.4259e-26 4.4685e-06
2.7390e+02 7.8785e-28 6.2011e-26 2.4435e-37 2.7297e-31 7.8785e-28 6.2011e-26 6.2799e-26 4.3468e-06
2.7738e+02 7.6923e-28 6.0587e-26 2.3236e-37 2.5954e-31 7.6923e-28 6.0587e-26 6.1357e-26 4.2301e-06
2.8090e+02 7.5103e-28 5.9219e-26 2.2097e-37 2.4676e-31 7.5103e-28 5.9219e-26 5.9970e-26 4.1148e-06
2.8447e+02 7.3323e-28 5.7870e-26 2.1013e-37 2.3464e-31 7.3323e-28 5.7870e-26 5.8603e-26 4.0039e-06
2.8809e+02 7.1583e-28 5.6544e-26 1.9982e-37 2.2308e-31 7.1583e-28 5.6545e-26 5.7261e-26 3.8958e-06
2.9175e+02 6.9883e-28 5.5235e-26 1.9002e-37 2.1212e-31 6.9883e-28 5.5235e-26 5.5934e-26 3.7924e-06
2.9545e+02 6.8221e-28 5.4012e-26 1.8070e-37 2.0167e-31 6.8221e-28 5.4012e-26 5.4694e-26 3.6872e-06
2.9921e+02 6.6597e-28 5.2761e-26 1.7183e-37 1.9176e-31 6.6597e-28 5.2761e-26 5.3427e-26 3.5893e-06
3.0301e+02 6.5009e-28 5.1588e-26 1.6340e-37 1.8231e-31 6.5009e-28 5.1588e-26 5.2238e-26 3.4899e-06
3.0686e+02 6.3458e-28 5.0423e-26 1.5538e-37 1.7333e-31 6.3458e-28 5.0423e-26 5.1058e-26 3.3948e-06
3.1076e+02 6.1943e-28 4.9284e-26 1.4776e-37 1.6481e-31 6.1943e-28 4.9284e-26 4.9904e-26 3.3025e-06
3.1470e+02 6.0461e-28 4.8168e-26 1.4050e-37 1.5670e-31 6.0461e-28 4.8168e-26 4.8773e-26 3.2130e-06
3.1870e+02 5.9015e-28 4.7082e-26 1.3361e-37 1.4899e-31 5.9015e-28 4.7082e-26 4.7672e-26 3.1254e-06
3.2275e+02 5.7601e-28 4.6014e-26 1.2705e-37 1.4167e-31 5.7601e-28 4.6015e-26 4.6591e-26 3.0408e-06
3.2685e+02 5.6220e-28 4.4983e-26 1.2081e-37 1.3470e-31 5.6220e-28 4.4983e-26 4.5546e-26 2.9574e-06
3.3100e+02 5.4870e-28 4.4001e-26 1.1488e-37 1.2805e-31 5.4870e-28 4.4001e-26 4.4549e-26 2.8744e-06
3.3521e+02 5.3552e-28 4.3008e-26 1.0924e-37 1.2177e-31 5.3552e-28 4.3008e-26 4.3543e-26 2.7965e-06
3.3947e+02 5.2264e-28 4.2037e-26 1.0388e-37 1.1577e-31 5.2264e-28 4.2037e-26 4.2560e-26 2.7202e-06
3.4378e+02 5.1006e-28 4.1092e-26 9.8776e-38 1.1009e-31 5.1006e-28 4.1092e-26 4.1602e-26 2.6462e-06
3.4815e+02 4.9778e-28 4.0199e-26 9.3926e-38 1.0466e-31 4.9778e-28 4.0199e-26 4.0697e-26 2.5717e-06
3.5257e+02 4.8578e-28 3.9303e-26 8.9313e-38 9.9510e-32 4.8578e-28 3.9303e-26 3.9789e-26 2.5010e-06
3.5705e+02 4.7406e-28 3.8423e-26 8.4926e-38 9.4618e-32 4.7406e-28 3.8423e-26 3.8897e-26 2.4325e-06
3.6158e+02 4.6261e-28 3.7558e-26 8.0755e-38 8.9968e-32 4.6261e-28 3.7559e-26 3.8021e-26 2.3663e-06
3.6618e+02 4.5143e-28 3.6727e-26 7.6788e-38 8.5540e-32 4.5143e-28 3.6727e-26 3.7178e-26 2.3008e-06
3.7083e+02 4.4052e-28 3.5937e-26 7.3017e-38 8.1324e-32 4.4052e-28 3.5937e-26 3.6377e-26 2.2356e-06
3.7554e+02 4.2986e-28 3.5124e-26 6.9429e-38 7.7333e-32 4.2986e-28 3.5124e-26 3.5554e-26 2.1751e-06
3.8031e+02 4.1945e-28 3.4364e-26 6.6018e-38 7.3523e-32 4.1945e-28 3.4364e-26 3.4783e-26 2.1138e-06
3.8514e+02 4.0928e-28 3.3579e-26 6.2775e-38 6.9916e-32 4.0928e-28 3.3579e-26 3.3988e-26 2.0571e-06
3.9004e+02 3.9935e-28 3.2850e-26 5.9690e-38 6.6469e-32 3.9935e-28 3.2850e-26 3.3249e-26 1.9991e-06
3.9499e+02 3.8966e-28 3.2133e-26 5.6757e-38 6.3198e-32 3.8966e-28 3.2133e-26 3.2523e-26 1.9432e-06
4.0001e+02 3.8020e-28 3.1428e-26 5.3968e-38 6.0094e-32 3.8020e-28 3.1428e-26 3.1809e-26 1.8892e-06
4.0509e+02 3.7096e-28 3.0737e-26 5.1316e-38 5.7140e-32 3.7096e-28 3.0737e-26 3.1108e-26 1.8368e-06
4.1024e+02 3.6194e-28 3.0070e-26 4.8794e-38 5.4331e-32 3.6194e-28 3.0070e-26 3.0432e-26 1.7853e-06
4.1545e+02 3.5313e-28 2.9411e-26 4.6396e-38 5.1652e-32 3.5313e-28 2.9411e-26 2.9764e-26 1.7354e-06
4.2073e+02 3.4454e-28 2.8757e-26 4.4116e-38 4.9117e-32 3.4454e-28 2.8757e-26 2.9101e-26 1.6878e-06
4.2607e+02 3.3615e-28 2.8147e-26 4.1948e-38 4.6698e-32 3.3615e-28 2.8147e-26 2.8483e-26 1.6395e-06
4.3149e+02 3.2795e-28 2.7538e-26 3.9886e-38 4.4397e-32 3.2795e-28 2.7538e-26 2.7866e-26 1.5932e-06
4.3697e+02 3.1996e-28 2.6921e-26 3.7925e-38 4.2220e-32 3.1996e-28 2.6921e-26 2.7241e-26 1.5499e-06
4.4252e+02 3.1215e-28 2.6347e-26 3.6061e-38 4.0141e-32 3.1215e-28 2.6347e-26 2.6659e-26 1.5057e-06
4.4814e+02 3.0453e-28 2.5773e-26 3.4288e-38 3.8171e-32 3.0453e-28 2.5773e-26 2.6078e-26 1.4637e-06
4.5383e+02 2.9709e-28 2.5223e-26 3.2602e-38 3.6289e-32 2.9709e-28 2.5223e-26 2.5521e-26 1.4220e-06
4.5960e+02 2.8983e-28 2.4676e-26 3.1000e-38 3.4505e-32 2.8983e-28 2.4676e-26 2.4965e-26 1.3821e-06
4.6544e+02 2.8275e-28 2.4137e-26 2.9476e-38 3.2810e-32 2.8275e-28 2.4137e-26 2.4420e-26 1.3436e-06
4.7135e+02 2.7583e-28 2.3627e-26 2.8026e-38 3.1193e-32 2.7583e-28 2.3627e-26 2.3903e-26 1.3050e-06
4.7734e+02 2.6908e-28 2.3109e-26 2.6648e-38 2.9662e-32 2.6908e-28 2.3109e-26 2.3378e-26 1.2688e-06
4.8340e+02 2.6249e-28 2.2617e-26 2.5338e-38 2.8202e-32 2.6249e-28 2.2617e-26 2.2880e-26 1.2326e-06
4.8954e+02 2.5606e-28 2.2127e-26 2.4092e-38 2.6819e-32 2.5606e-28 2.2127e-26 2.2383e-26 1.1982e-06
4.9576e+02 2.4979e-28 2.1659e-26 2.2907e-38 2.5497e-32 2.4979e-28 2.1659e-26 2.1909e-26 1.1638e-06
5.0206e+02 2.4366e-28 2.1198e-26 2.1781e-38 2.4242e-32 2.4366e-28 2.1198e-26 2.1442e-26 1.1306e-06
5.0844e+02 2.3769e-28 2.0735e-26 2.0710e-38 2.3052e-32 2.3769e-28 2.0735e-26 2.0973e-26 1.0992e-06
5.1490e+02 2.3186e-28 2.0298e-26 1.9691e-38 2.1916e-32 2.3186e-28 2.0298e-26 2.0530e-26 1.0676e-06
5.2144e+02 2.2617e-28 1.9867e-26 1.8723e-38 2.0839e-32 2.2617e-28 1.9867e-26 2.0093e-26 1.0371e-06
5.2807e+02 2.2061e-28 1.9440e-26 1.7802e-38 1.9815e-32 2.2061e-28 1.9440e-26 1.9661e-26 1.0079e-06
5.3477e+02 2.1519e-28 1.9036e-26 1.6926e-38 1.8839e-32 2.1519e-28 1.9037e-26 1.9252e-26 9.7856e-07
5.4157e+02 2.0991e-28 1.8631e-26 1.6094e-38 1.7914e-32 2.0991e-28 1.8631e-26 1.8841e-26 9.5081e-07
5.4845e+02 2.0475e-28 1.8238e-26 1.5302e-38 1.7033e-32 2.0475e-28 1.8238e-26 1.8443e-26 9.2353e-07
5.5542e+02 1.9971e-28 1.7845e-26 1.4550e-38 1.6197e-32 1.9971e-28 1.7845e-26 1.8044e-26 8.9764e-07
5.6247e+02 1.9480e-28 1.7468e-26 1.3834e-38 1.5399e-32 1.9480e-28 1.7468e-26 1.7663e-26 8.7184e-07
5.6962e+02 1.9001e-28 1.7111e-26 1.3153e-38 1.4641e-32 1.9001e-28 1.7111e-26 1.7301e-26 8.4625e-07
5.7685e+02 1.8533e-28 1.6742e-26 1.2506e-38 1.3923e-32 1.8533e-28 1.6742e-26 1.6927e-26 8.2254e-07
5.8418e+02 1.8077e-28 1.6396e-26 1.1891e-38 1.3237e-32 1.8077e-28 1.6396e-26 1.6577e-26 7.9853e-07
5.9160e+02 1.7631e-28 1.6047e-26 1.1306e-38 1.2586e-32 1.7631e-28 1.6047e-26 1.6223e-26 7.7581e-07
5.9912e+02 1.7197e-28 1.5711e-26 1.0750e-38 1.1968e-32 1.7197e-28 1.5711e-26 1.5883e-26 7.5350e-07
6.0673e+02 1.6773e-28 1.5388e-26 1.0221e-38 1.1378e-32 1.6773e-28 1.5388e-26 1.5556e-26 7.3147e-07
6.1444e+02 1.6360e-28 1.5063e-26 9.7183e-39 1.0820e-32 1.6360e-28 1.5063e-26 1.5227e-26 7.1059e-07
6.2225e+02 1.5956e-28 1.4748e-26 9.2402e-39 1.0288e-32 1.5956e-28 1.4748e-26 1.4907e-26 6.9011e-07
6.3015e+02 1.5563e-28 1.4441e-26 8.7854e-39 9.7808e-33 1.5563e-28 1.4441e-26 1.4597e-26 6.7007e-07
6.3816e+02 1.5179e-28 1.4142e-26 8.3533e-39 9.3013e-33 1.5179e-28 1.4142e-26 1.4294e-26 6.5071e-07
6.4626e+02 1.4804e-28 1.3847e-26 7.9422e-39 8.8431e-33 1.4804e-28 1.3847e-26 1.3995e-26 6.3186e-07
6.5447e+02 1.4439e-28 1.3566e-26 7.5514e-39 8.4078e-33 1.4439e-28 1.3566e-26 1.3710e-26 6.1326e-07
6.6279e+02 1.4082e-28 1.3276e-26 7.1799e-39 7.9954e-33 1.4082e-28 1.3276e-26 1.3417e-26 5.9593e-07
6.7121e+02 1.3735e-28 1.3004e-26 6.8266e-39 7.6022e-33 1.3735e-28 1.3005e-26 1.3142e-26 5.7847e-07
6.7974e+02 1.3395e-28 1.2736e-26 6.4907e-39 7.2290e-33 1.3395e-28 1.2736e-26 1.2870e-26 5.6170e-07
6.8837e+02 1.3064e-28 1.2477e-26 6.1713e-39 6.8728e-33 1.3064e-28 1.2477e-26 1.2608e-26 5.4513e-07
6.9712e+02 1.2741e-28 1.2218e-26 5.8676e-39 6.5353e-33 1.2741e-28 1.2218e-26 1.2345e-26 5.2939e-07
7.0597e+02 1.2426e-28 1.1965e-26 5.5789e-39 6.2140e-33 1.2426e-28 1.1965e-26 1.2089e-26 5.1400e-07
7.1494e+02 1.2119e-28 1.1720e-26 5.3044e-39 5.9078e-33 1.2119e-28 1.1720e-26 1.1841e-26 4.9892e-07
7.2402e+02 1.1820e-28 1.1482e-26 5.0434e-39 5.6182e-33 1.1820e-28 1.1482e-26 1.1600e-26 4.8433e-07
7.3322e+02 1.1527e-28 1.1246e-26 4.7951e-39 5.3415e-33 1.1527e-28 1.1246e-26 1.1361e-26 4.7016e-07
7.4254e+02 1.1242e-28 1.1022e-26 4.5592e-39 5.0786e-33 1.1242e-28 1.1022e-26 1.1134e-26 4.5612e-07
7.5197e+02 1.0964e-28 1.0790e-26 4.3348e-39 4.8295e-33 1.0964e-28 1.0790e-26 1.0899e-26 4.4311e-07
7.6152e+02 1.0692e-28 1.0576e-26 4.1215e-39 4.5916e-33 1.0692e-28 1.0576e-26 1.0683e-26 4.2980e-07
7.7120e+02 1.0428e-28 1.0363e-26 3.9186e-39 4.3659e-33 1.0428e-28 1.0363e-26 1.0468e-26 4.1709e-07
7.8100e+02 1.0170e-28 1.0148e-26 3.7258e-39 4.1514e-33 1.0170e-28 1.0148e-26 1.0250e-26 4.0503e-07
7.9092e+02 9.9179e-29 9.9410e-27 3.5424e-39 3.9470e-33 9.9179e-29 9.9410e-27 1.0040e-26 3.9312e-07
8.0097e+02 9.6723e-29 9.7373e-27 3.3681e-39 3.7532e-33 9.6723e-29 9.7373e-27 9.8341e-27 3.8166e-07
8.1114e+02 9.4327e-29 9.5449e-27 3.2023e-39 3.5686e-33 9.4327e-29 9.5449e-27 9.6392e-27 3.7022e-07
8.2145e+02 9.1990e-29 9.3547e-27 3.0447e-39 3.3928e-33 9.1990e-29 9.3547e-27 9.4467e-27 3.5915e-07
8.3188e+02 8.9710e-29 9.1627e-27 2.8948e-39 3.2266e-33 8.9710e-29 9.1627e-27 9.2524e-27 3.4873e-07
8.4245e+02 8.7488e-29 8.9814e-27 2.7524e-39 3.0676e-33 8.7488e-29 8.9814e-27 9.0689e-27 3.3826e-07
8.5315e+02 8.5320e-29 8.8019e-27 2.6169e-39 2.9167e-33 8.5320e-29 8.8019e-27 8.8872e-27 3.2819e-07
8.6399e+02 8.3204e-29 8.6226e-27 2.4881e-39 2.7736e-33 8.3204e-29 8.6226e-27 8.7058e-27 3.1859e-07
8.7497e+02 8.1142e-29 8.4524e-27 2.3656e-39 2.6370e-33 8.1142e-29 8.4524e-27 8.5335e-27 3.0901e-07
8.8608e+02 7.9129e-29 8.2829e-27 2.2492e-39 2.5074e-33 7.9129e-29 8.2829e-27 8.3620e-27 2.9986e-07
8.9734e+02 7.7167e-29 8.1167e-27 2.1385e-39 2.3842e-33 7.7167e-29 8.1167e-27 8.1939e-27 2.9098e-07
9.0874e+02 7.5253e-29 7.9574e-27 2.0332e-39 2.2668e-33 7.5253e-29 7.9574e-27 8.0326e-27 2.8220e-07
9.2029e+02 7.3387e-29 7.7966e-27 1.9331e-39 2.1556e-33 7.3387e-29 7.7966e-27 7.8700e-27 2.7390e-07
9.3198e+02 7.1566e-29 7.6428e-27 1.8380e-39 2.0495e-33 7.1566e-29 7.6428e-27 7.7144e-27 2.6567e-07
9.4382e+02 6.9790e-29 7.4931e-27 1.7475e-39 1.9486e-33 6.9790e-29 7.4931e-27 7.5629e-27 2.5765e-07
9.5581e+02 6.8059e-29 7.3419e-27 1.6615e-39 1.8531e-33 6.8059e-29 7.3419e-27 7.4100e-27 2.5008e-07
9.6795e+02 6.6369e-29 7.1984e-27 1.5797e-39 1.7618e-33 6.6369e-29 7.1984e-27 7.2647e-27 2.4251e-07
9.8025e+02 6.4722e-29 7.0570e-27 1.5020e-39 1.6751e-33 6.4722e-29 7.0570e-27 7.1217e-27 2.3522e-07
9.9270e+02 6.3115e-29 6.9165e-27 1.4280e-39 1.5929e-33 6.3115e-29 6.9165e-27 6.9796e-27 2.2823e-07
1.0053e+03 6.1548e-29 6.7821e-27 1.3577e-39 1.5145e-33 6.1548e-29 6.7821e-27 6.8436e-27 2.2130e-07
1.0181e+03 6.0020e-29 6.6480e-27 1.2909e-39 1.4401e-33 6.0020e-29 6.6480e-27 6.7080e-27 2.1468e-07
1.0310e+03 5.8530e-29 6.5173e-27 1.2273e-39 1.3693e-33 5.8530e-29 6.5173e-27 6.5758e-27 2.0824e-07
1.0441e+03 5.7076e-29 6.3910e-27 1.1669e-39 1.3019e-33 5.7076e-29 6.3910e-27 6.4481e-27 2.0190e-07
1.0574e+03 5.5659e-29 6.2645e-27 1.1095e-39 1.2380e-33 5.5659e-29 6.2645e-27 6.3202e-27 1.9588e-07
1.0708e+03 5.4276e-29 6.1428e-27 1.0549e-39 1.1771e-33 5.4276e-29 6.1428e-27 6.1971e-27 1.8994e-07
1.0844e+03 5.2928e-29 6.0243e-27 1.0029e-39 1.1191e-33 5.2928e-29 6.0243e-27 6.0772e-27 1.8415e-07
1.0982e+03 5.1613e-29 5.9050e-27 9.5356e-40 1.0643e-33 5.1613e-29 5.9050e-27 5.9566e-27 1.7867e-07
1.1121e+03 5.0330e-29 5.7916e-27 9.0661e-40 1.0119e-33 5.0330e-29 5.7916e-27 5.8419e-27 1.7321e-07
1.1263e+03 4.9080e-29 5.6797e-27 8.6199e-40 9.6210e-34 4.9080e-29 5.6797e-27 5.7287e-27 1.6794e-07
1.1406e+03 4.7861e-29 5.5689e-27 8.1955e-40 9.1487e-34 4.7861e-29 5.5689e-27 5.6168e-27 1.6288e-07
1.1551e+03 4.6671e-29 5.4626e-27 7.7920e-40 8.6981e-34 4.6671e-29 5.4626e-27 5.5092e-27 1.5788e-07
1.1697e+03 4.5511e-29 5.3561e-27 7.4084e-40 8.2711e-34 4.5511e-29 5.3561e-27 5.4016e-27 1.5312e-07
1.1846e+03 4.4380e-29 5.2527e-27 7.0437e-40 7.8645e-34 4.4380e-29 5.2527e-27 5.2971e-27 1.4847e-07
1.1997e+03 4.3277e-29 5.1529e-27 6.6970e-40 7.4771e-34 4.3277e-29 5.1529e-27 5.1962e-27 1.4390e-07
1.2149e+03 4.2201e-29 5.0525e-27 6.3673e-40 7.1106e-34 4.2201e-29 5.0525e-27 5.0947e-27 1.3957e-07
1.2303e+03 4.1152e-29 4.9566e-27 6.0538e-40 6.7606e-34 4.1152e-29 4.9566e-27 4.9977e-27 1.3527e-07
1.2460e+03 4.0129e-29 4.8624e-27 5.7557e-40 6.4277e-34 4.0129e-29 4.8624e-27 4.9025e-27 1.3111e-07
1.2618e+03 3.9131e-29 4.7678e-27 5.4724e-40 6.1126e-34 3.9131e-29 4.7678e-27 4.8069e-27 1.2716e-07
1.2778e+03 3.8158e-29 4.6778e-27 5.2029e-40 5.8116e-34 3.8158e-29 4.6778e-27 4.7160e-27 1.2323e-07
1.2941e+03 3.7209e-29 4.5887e-27 4.9468e-40 5.5258e-34 3.7209e-29 4.5887e-27 4.6259e-27 1.1946e-07
1.3105e+03 3.6283e-29 4.5006e-27 4.7032e-40 5.2546e-34 3.6283e-29 4.5006e-27 4.5369e-27 1.1582e-07
1.3271e+03 3.5381e-29 4.4166e-27 4.4717e-40 4.9958e-34 3.5381e-29 4.4166e-27 4.4520e-27 1.1222e-07
1.3440e+03 3.4501e-29 4.3319e-27 4.2516e-40 4.7506e-34 3.4501e-29 4.3319e-27 4.3664e-27 1.0880e-07
1.3611e+03 3.3643e-29 4.2499e-27 4.0422e-40 4.5170e-34 3.3643e-29 4.2499e-27 4.2836e-27 1.0545e-07
1.3784e+03 3.2806e-29 4.1708e-27 3.8432e-40 4.2945e-34 3.2806e-29 4.1708e-27 4.2037e-27 1.0216e-07
1.3959e+03 3.1990e-29 4.0906e-27 3.6540e-40 4.0840e-34 3.1990e-29 4.0906e-27 4.1226e-27 9.9065e-08
1.4136e+03 3.1194e-29 4.0142e-27 3.4741e-40 3.8829e-34 3.1194e-29 4.0142e-27 4.0454e-27 9.5982e-08
1.4316e+03 3.0418e-29 3.9394e-27 3.3031e-40 3.6918e-34 3.0418e-29 3.9394e-27 3.9698e-27 9.2998e-08
1.4498e+03 2.9661e-29 3.8641e-27 3.1404e-40 3.5108e-34 2.9661e-29 3.8641e-27 3.8938e-27 9.0163e-08
1.4682e+03 2.8923e-29 3.7928e-27 2.9858e-40 3.3379e-34 2.8923e-29 3.7928e-27 3.8217e-27 8.7339e-08
1.4868e+03 2.8203e-29 3.7217e-27 2.8388e-40 3.1739e-34 2.8203e-29 3.7217e-27 3.7499e-27 8.4638e-08
1.5057e+03 2.7501e-29 3.6519e-27 2.6990e-40 3.0180e-34 2.7501e-29 3.6519e-27 3.6794e-27 8.2023e-08
1.5248e+03 2.6817e-29 3.5847e-27 2.5661e-40 2.8693e-34 2.6817e-29 3.5847e-27 3.6115e-27 7.9451e-08
1.5442e+03 2.6150e-29 3.5171e-27 2.4398e-40 2.7286e-34 2.6150e-29 3.5171e-27 3.5433e-27 7.7007e-08
1.5638e+03 2.5499e-29 3.4520e-27 2.3197e-40 2.5943e-34 2.5499e-29 3.4520e-27 3.4775e-27 7.4604e-08
1.5837e+03 2.4864e-29 3.3890e-27 2.2055e-40 2.4666e-34 2.4864e-29 3.3890e-27 3.4139e-27 7.2251e-08
1.6038e+03 2.4245e-29 3.3245e-27 2.0969e-40 2.3457e-34 2.4245e-29 3.3245e-27 3.3487e-27 7.0048e-08
1.6242e+03 2.3642e-29 3.2641e-27 1.9936e-40 2.2302e-34 2.3642e-29 3.2641e-27 3.2878e-27 6.7833e-08
1.6448e+03 2.3053e-29 3.2039e-27 1.8955e-40 2.1205e-34 2.3053e-29 3.2039e-27 3.2270e-27 6.5711e-08
1.6657e+03 2.2480e-29 3.1441e-27 1.8021e-40 2.0165e-34 2.2480e-29 3.1441e-27 3.1666e-27 6.3679e-08
1.6869e+03 2.1920e-29 3.0873e-27 1.7134e-40 1.9171e-34 2.1920e-29 3.0873e-27 3.1092e-27 6.1659e-08
1.7083e+03 2.1374e-29 3.0304e-27 1.6290e-40 1.8230e-34 2.1374e-29 3.0304e-27 3.0517e-27 5.9735e-08
1.7300e+03 2.0842e-29 2.9744e-27 1.5488e-40 1.7334e-34 2.0842e-29 2.9744e-27 2.9953e-27 5.7872e-08
1.7520e+03 2.0323e-29 2.9207e-27 1.4726e-40 1.6480e-34 2.0323e-29 2.9207e-27 2.9410e-27 5.6036e-08
1.7743e+03 1.9817e-29 2.8665e-27 1.4001e-40 1.5672e-34 1.9817e-29 2.8665e-27 2.8863e-27 5.4298e-08
1.7968e+03 1.9324e-29 2.8147e-27 1.3311e-40 1.4901e-34 1.9324e-29 2.8147e-27 2.8340e-27 5.2579e-08
1.8196e+03 1.8842e-29 2.7642e-27 1.2656e-40 1.4167e-34 1.8842e-29 2.7642e-27 2.7831e-27 5.0905e-08
1.8427e+03 1.8373e-29 2.7128e-27 1.2033e-40 1.3473e-34 1.8373e-29 2.7128e-27 2.7311e-27 4.9330e-08
1.8662e+03 1.7916e-29 2.6644e-27 1.1440e-40 1.2809e-34 1.7916e-29 2.6644e-27 2.6823e-27 4.7755e-08
1.8899e+03 1.7470e-29 2.6163e-27 1.0877e-40 1.2180e-34 1.7470e-29 2.6163e-27 2.6338e-27 4.6243e-08
1.9139e+03 1.7035e-29 2.5684e-27 1.0341e-40 1.1582e-34 1.7035e-29 2.5684e-27 2.5855e-27 4.4795e-08
1.9382e+03 1.6610e-29 2.5229e-27 9.8322e-41 1.1011e-34 1.6610e-29 2.5229e-27 2.5395e-27 4.3361e-08
1.9628e+03 1.6197e-29 2.4770e-27 9.3482e-41 1.0471e-34 1.6197e-29 2.4770e-27 2.4932e-27 4.1997e-08
1.9877e+03 1.5793e-29 2.4325e-27 8.8879e-41 9.9560e-35 1.5793e-29 2.4325e-27 2.4483e-27 4.0665e-08
2.0130e+03 1.5400e-29 2.3869e-27 8.4502e-41 9.4676e-35 1.5400e-29 2.3869e-27 2.4023e-27 3.9411e-08
2.0386e+03 1.5016e-29 2.3419e-27 8.0341e-41 9.0019e-35 1.5016e-29 2.3419e-27 2.3569e-27 3.8194e-08
2.0645e+03 1.4642e-29 2.2980e-27 7.6385e-41 8.5586e-35 1.4642e-29 2.2980e-27 2.3126e-27 3.7008e-08
2.0907e+03 1.4278e-29 2.2536e-27 7.2625e-41 8.1392e-35 1.4278e-29 2.2536e-27 2.2679e-27 3.5889e-08
2.1173e+03 1.3922e-29 2.2112e-27 6.9048e-41 7.7383e-35 1.3922e-29 2.2112e-27 2.2252e-27 3.4777e-08
2.1442e+03 1.3575e-29 2.1695e-27 6.5649e-41 7.3578e-35 1.3575e-29 2.1695e-27 2.1831e-27 3.3703e-08
2.1714e+03 1.3237e-29 2.1278e-27 6.2416e-41 6.9967e-35 1.3237e-29 2.1278e-27 2.1410e-27 3.2679e-08
2.1990e+03 1.2907e-29 2.0878e-27 5.9342e-41 6.6521e-35 1.2907e-29 2.0878e-27 2.1007e-27 3.1666e-08
2.2269e+03 1.2586e-29 2.0478e-27 5.6421e-41 6.3254e-35 1.2586e-29 2.0478e-27 2.0604e-27 3.0700e-08
2.2552e+03 1.2272e-29 2.0088e-27 5.3643e-41 6.0146e-35 1.2272e-29 2.0088e-27 2.0210e-27 2.9760e-08
2.2839e+03 1.1967e-29 1.9712e-27 5.1002e-41 5.7184e-35 1.1967e-29 1.9712e-27 1.9831e-27 2.8835e-08
2.3129e+03 1.1669e-29 1.9331e-27 4.8490e-41 5.4379e-35 1.1669e-29 1.9331e-27 1.9448e-27 2.7961e-08
2.3423e+03 1.1378e-29 1.8966e-27 4.6102e-41 5.1703e-35 1.1378e-29 1.8966e-27 1.9080e-27 2.7099e-08
2.3720e+03 1.1094e-29 1.8608e-27 4.3832e-41 4.9157e-35 1.1094e-29 1.8608e-27 1.8719e-27 2.6260e-08
2.4022e+03 1.0818e-29 1.8248e-27 4.1674e-41 4.6748e-35 1.0818e-29 1.8248e-27 1.8357e-27 2.5467e-08
2.4327e+03 1.0548e-29 1.7907e-27 3.9622e-41 4.4446e-35 1.0548e-29 1.7907e-27 1.8012e-27 2.4676e-08
2.4636e+03 1.0286e-29 1.7567e-27 3.7671e-41 4.2261e-35 1.0286e-29 1.7567e-27 1.7670e-27 2.3917e-08
2.4949e+03 1.0029e-29 1.7229e-27 3.5816e-41 4.0186e-35 1.0029e-29 1.7229e-27 1.7329e-27 2.3190e-08
2.5266e+03 9.7795e-30 1.6904e-27 3.4052e-41 3.8207e-35 9.7795e-30 1.6904e-27 1.7002e-27 2.2473e-08
2.5587e+03 9.5358e-30 1.6580e-27 3.2376e-41 3.6331e-35 9.5358e-30 1.6580e-27 1.6675e-27 2.1788e-08
2.5912e+03 9.2982e-30 1.6265e-27 3.0781e-41 3.4546e-35 9.2982e-30 1.6265e-27 1.6358e-27 2.1119e-08
2.6241e+03 9.0666e-30 1.5959e-27 2.9266e-41 3.2844e-35 9.0666e-30 1.5959e-27 1.6050e-27 2.0464e-08
2.6574e+03 8.8407e-30 1.5650e-27 2.7825e-41 3.1234e-35 8.8407e-30 1.5650e-27 1.5738e-27 1.9846e-08
2.6912e+03 8.6204e-30 1.5354e-27 2.6455e-41 2.9697e-35 8.6204e-30 1.5354e-27 1.5440e-27 1.9234e-08
2.7254e+03 8.4056e-30 1.5066e-27 2.5152e-41 2.8235e-35 8.4056e-30 1.5066e-27 1.5150e-27 1.8637e-08
2.7600e+03 8.1961e-30 1.4774e-27 2.3914e-41 2.6851e-35 8.1961e-30 1.4774e-27 1.4856e-27 1.8074e-08
2.7951e+03 7.9919e-30 1.4497e-27 2.2736e-41 2.5529e-35 7.9919e-30 1.4497e-27 1.4577e-27 1.7513e-08
2.8306e+03 7.7927e-30 1.4224e-27 2.1616e-41 2.4271e-35 7.7927e-30 1.4224e-27 1.4302e-27 1.6970e-08
2.8665e+03 7.5985e-30 1.3952e-27 2.0552e-41 2.3079e-35 7.5985e-30 1.3952e-27 1.4028e-27 1.6452e-08
2.9029e+03 7.4092e-30 1.3685e-27 1.9540e-41 2.1945e-35 7.4092e-30 1.3685e-27 1.3759e-27 1.5950e-08
2.9398e+03 7.2246e-30 1.3428e-27 1.8578e-41 2.0865e-35 7.2246e-30 1.3428e-27 1.3501e-27 1.5455e-08
2.9772e+03 7.0446e-30 1.3170e-27 1.7663e-41 1.9841e-35 7.0446e-30 1.3170e-27 1.3240e-27 1.4985e-08
3.0150e+03 6.8690e-30 1.2920e-27 1.6793e-41 1.8865e-35 6.8690e-30 1.2920e-27 1.2989e-27 1.4524e-08
3.0533e+03 6.6978e-30 1.2676e-27 1.5966e-41 1.7936e-35 6.6978e-30 1.2676e-27 1.2743e-27 1.4074e-08
3.0921e+03 6.5309e-30 1.2437e-27 1.5180e-41 1.7053e-35 6.5309e-30 1.2437e-27 1.2502e-27 1.3640e-08
3.1314e+03 6.3681e-30 1.2196e-27 1.4433e-41 1.6217e-35 6.3681e-30 1.2196e-27 1.2260e-27 1.3228e-08
3.1712e+03 6.2094e-30 1.1967e-27 1.3722e-41 1.5418e-35 6.2094e-30 1.1967e-27 1.2030e-27 1.2817e-08
3.2114e+03 6.0547e-30 1.1740e-27 1.3046e-41 1.4660e-35 6.0547e-30 1.1740e-27 1.1800e-27 1.2424e-08
3.2522e+03 5.9038e-30 1.1514e-27 1.2404e-41 1.3941e-35 5.9038e-30 1.1514e-27 1.1573e-27 1.2046e-08
3.2936e+03 5.7566e-30 1.1296e-27 1.1793e-41 1.3254e-35 5.7566e-30 1.1296e-27 1.1354e-27 1.1674e-08
3.3354e+03 5.6132e-30 1.1084e-27 1.1213e-41 1.2601e-35 5.6132e-30 1.1084e-27 1.1140e-27 1.1312e-08
3.3778e+03 5.4733e-30 1.0871e-27 1.0660e-41 1.1983e-35 5.4733e-30 1.0871e-27 1.0926e-27 1.0968e-08
3.4207e+03 5.3369e-30 1.0663e-27 1.0135e-41 1.1394e-35 5.3369e-30 1.0663e-27 1.0717e-27 1.0632e-08
3.4641e+03 5.2039e-30 1.0462e-27 9.6363e-42 1.0833e-35 5.2039e-30 1.0462e-27 1.0514e-27 1.0303e-08
3.5082e+03 5.0741e-30 1.0260e-27 9.1619e-42 1.0302e-35 5.0741e-30 1.0260e-27 1.0311e-27 9.9911e-09
3.5527e+03 4.9477e-30 1.0067e-27 8.7106e-42 9.7944e-36 4.9477e-30 1.0067e-27 1.0116e-27 9.6821e-09
3.5979e+03 4.8244e-30 9.8778e-28 8.2817e-42 9.3121e-36 4.8244e-30 9.8778e-28 9.9261e-28 9.3814e-09
3.6436e+03 4.7041e-30 9.6890e-28 7.8740e-42 8.8541e-36 4.7041e-30 9.6890e-28 9.7361e-28 9.0942e-09
3.6899e+03 4.5869e-30 9.5026e-28 7.4862e-42 8.4197e-36 4.5869e-30 9.5026e-28 9.5485e-28 8.8178e-09
3.7367e+03 4.4726e-30 9.3237e-28 7.1176e-42 8.0050e-36 4.4726e-30 9.3237e-28 9.3684e-28 8.5447e-09
3.7842e+03 4.3611e-30 9.1478e-28 6.7671e-42 7.6108e-36 4.3611e-30 9.1478e-28 9.1914e-28 8.2803e-09
3.8323e+03 4.2524e-30 8.9721e-28 6.4339e-42 7.2373e-36 4.2524e-30 8.9721e-28 9.0146e-28 8.0284e-09
3.8810e+03 4.1464e-30 8.8009e-28 6.1170e-42 6.8814e-36 4.1464e-30 8.8009e-28 8.8423e-28 7.7823e-09
3.9303e+03 4.0430e-30 8.6355e-28 5.8158e-42 6.5425e-36 4.0430e-30 8.6355e-28 8.6759e-28 7.5410e-09
3.9802e+03 3.9423e-30 8.4732e-28 5.5294e-42 6.2204e-36 3.9423e-30 8.4732e-28 8.5126e-28 7.3073e-09
4.0308e+03 3.8440e-30 8.3081e-28 5.2572e-42 5.9155e-36 3.8440e-30 8.3081e-28 8.3466e-28 7.0874e-09
4.0820e+03 3.7482e-30 8.1513e-28 4.9983e-42 5.6242e-36 3.7482e-30 8.1513e-28 8.1888e-28 6.8682e-09
4.1338e+03 3.6547e-30 7.9976e-28 4.7522e-42 5.3473e-36 3.6547e-30 7.9976e-28 8.0342e-28 6.6556e-09
4.1863e+03 3.5636e-30 7.8461e-28 4.5181e-42 5.0844e-36 3.5636e-30 7.8461e-28 7.8817e-28 6.4508e-09
4.2395e+03 3.4748e-30 7.6950e-28 4.2957e-42 4.8348e-36 3.4748e-30 7.6950e-28 7.7297e-28 6.2548e-09
4.2934e+03 3.3882e-30 7.5495e-28 4.0842e-42 4.5967e-36 3.3882e-30 7.5495e-28 7.5833e-28 6.0616e-09
4.3479e+03 3.3038e-30 7.4074e-28 3.8830e-42 4.3704e-36 3.3038e-30 7.4074e-28 7.4404e-28 5.8738e-09
4.4032e+03 3.2214e-30 7.2640e-28 3.6918e-42 4.1559e-36 3.2214e-30 7.2640e-28 7.2962e-28 5.6960e-09
4.4591e+03 3.1411e-30 7.1269e-28 3.5100e-42 3.9515e-36 3.1411e-30 7.1269e-28 7.1583e-28 5.5201e-09
4.5158e+03 3.0628e-30 6.9922e-28 3.3372e-42 3.7569e-36 3.0628e-30 6.9922e-28 7.0228e-28 5.3496e-09
4.5731e+03 2.9864e-30 6.8608e-28 3.1729e-42 3.5719e-36 2.9864e-30 6.8608e-28 6.8907e-28 5.1837e-09
4.6312e+03 2.9120e-30 6.7262e-28 3.0166e-42 3.3969e-36 2.9120e-30 6.7262e-28 6.7553e-28 5.0284e-09
4.6901e+03 2.8394e-30 6.5997e-28 2.8681e-42 3.2295e-36 2.8394e-30 6.5997e-28 6.6281e-28 4.8725e-09
4.7496e+03 2.7686e-30 6.4753e-28 2.7269e-42 3.0705e-36 2.7686e-30 6.4753e-28 6.5030e-28 4.7217e-09
4.8100e+03 2.6996e-30 6.3518e-28 2.5926e-42 2.9196e-36 2.6996e-30 6.3518e-28 6.3788e-28 4.5771e-09
4.8711e+03 2.6323e-30 6.2301e-28 2.4649e-42 2.7762e-36 2.6323e-30 6.2301e-28 6.2564e-28 4.4375e-09
4.9330e+03 2.5667e-30 6.1128e-28 2.3435e-42 2.6395e-36 2.5667e-30 6.1128e-28 6.1385e-28 4.3000e-09
4.9956e+03 2.5027e-30 5.9972e-28 2.2281e-42 2.5096e-36 2.5027e-30 5.9972e-28 6.0222e-28 4.1672e-09
5.0591e+03 2.4404e-30 5.8841e-28 2.1184e-42 2.3860e-36 2.4404e-30 5.8841e-28 5.9085e-28 4.0382e-09
5.1234e+03 2.3795e-30 5.7698e-28 2.0141e-42 2.2690e-36 2.3795e-30 5.7698e-28 5.7936e-28 3.9164e-09
5.1885e+03 2.3202e-30 5.6607e-28 1.9149e-42 2.1573e-36 2.3202e-30 5.6607e-28 5.6839e-28 3.7955e-09
5.2544e+03 2.2624e-30 5.5538e-28 1.8206e-42 2.0511e-36 2.2624e-30 5.5538e-28 5.5764e-28 3.6781e-09
5.3211e+03 2.2060e-30 5.4491e-28 1.7310e-42 1.9502e-36 2.2060e-30 5.4491e-28 5.4712e-28 3.5644e-09
5.3887e+03 2.1510e-30 5.3432e-28 1.6457e-42 1.8545e-36 2.1510e-30 5.3432e-28 5.3647e-28 3.4569e-09
5.4572e+03 2.0973e-30 5.2430e-28 1.5647e-42 1.7632e-36 2.0973e-30 5.2430e-28 5.2640e-28 3.3495e-09
5.5265e+03 2.0451e-30 5.1439e-28 1.4877e-42 1.6764e-36 2.0451e-30 5.1439e-28 5.1643e-28 3.2460e-09
5.5967e+03 1.9941e-30 5.0464e-28 1.4144e-42 1.5938e-36 1.9941e-30 5.0464e-28 5.0663e-28 3.1459e-09
5.6678e+03 1.9444e-30 4.9489e-28 1.3447e-42 1.5156e-36 1.9444e-30 4.9489e-28 4.9684e-28 3.0505e-09
5.7398e+03 1.8959e-30 4.8553e-28 1.2785e-42 1.4411e-36 1.8959e-30 4.8553e-28 4.8743e-28 2.9564e-09
5.8128e+03 1.8486e-30 4.7636e-28 1.2156e-42 1.3701e-36 1.8486e-30 4.7636e-28 4.7821e-28 2.8650e-09
5.8866e+03 1.8026e-30 4.6732e-28 1.1557e-42 1.3026e-36 1.8026e-30 4.6732e-28 4.6912e-28 2.7767e-09
5.9614e+03 1.7576e-30 4.5825e-28 1.0988e-42 1.2388e-36 1.7576e-30 4.5825e-28 4.6001e-28 2.6930e-09
6.0371e+03 1.7138e-30 4.4965e-28 1.0447e-42 1.1778e-36 1.7138e-30 4.4965e-28 4.5136e-28 2.6094e-09
6.1138e+03 1.6711e-30 4.4119e-28 9.9325e-43 1.1198e-36 1.6711e-30 4.4119e-28 4.4286e-28 2.5285e-09
6.1915e+03 1.6294e-30 4.3287e-28 9.4435e-43 1.0646e-36 1.6294e-30 4.3287e-28 4.3450e-28 2.4503e-09
6.2702e+03 1.5888e-30 4.2456e-28 8.9785e-43 1.0123e-36 1.5888e-30 4.2456e-28 4.2615e-28 2.3755e-09
6.3498e+03 1.5492e-30 4.1637e-28 8.5364e-43 9.6261e-37 1.5492e-30 4.1637e-28 4.1792e-28 2.3033e-09
6.4305e+03 1.5106e-30 4.0854e-28 8.1160e-43 9.1521e-37 1.5106e-30 4.0854e-28 4.1005e-28 2.2319e-09
6.5122e+03 1.4729e-30 4.0081e-28 7.7163e-43 8.7014e-37 1.4729e-30 4.0081e-28 4.0229e-28 2.1630e-09
6.5949e+03 1.4362e-30 3.9327e-28 7.3363e-43 8.2729e-37 1.4362e-30 3.9327e-28 3.9470e-28 2.0960e-09
6.6787e+03 1.4004e-30 3.8564e-28 6.9752e-43 7.8674e-37 1.4004e-30 3.8564e-28 3.8704e-28 2.0327e-09
6.7635e+03 1.3655e-30 3.7836e-28 6.6316e-43 7.4800e-37 1.3655e-30 3.7836e-28 3.7973e-28 1.9698e-09
6.8495e+03 1.3314e-30 3.7122e-28 6.3051e-43 7.1117e-37 1.3314e-30 3.7122e-28 3.7255e-28 1.9089e-09
6.9365e+03 1.2982e-30 3.6420e-28 5.9946e-43 6.7615e-37 1.2982e-30 3.6420e-28 3.6550e-28 1.8499e-09
7.0246e+03 1.2659e-30 3.5722e-28 5.6994e-43 6.4290e-37 1.2659e-30 3.5722e-28 3.5848e-28 1.7934e-09
7.1138e+03 1.2343e-30 3.5032e-28 5.4188e-43 6.1135e-37 1.2343e-30 3.5032e-28 3.5155e-28 1.7390e-09
7.2042e+03 1.2036e-30 3.4371e-28 5.1519e-43 5.8124e-37 1.2036e-30 3.4371e-28 3.4491e-28 1.6852e-09
7.2957e+03 1.1735e-30 3.3722e-28 4.8982e-43 5.5262e-37 1.1735e-30 3.3722e-28 3.3839e-28 1.6331e-09
7.3884e+03 1.1443e-30 3.3088e-28 4.6570e-43 5.2541e-37 1.1443e-30 3.3088e-28 3.3202e-28 1.5824e-09
7.4823e+03 1.1158e-30 3.2447e-28 4.4277e-43 4.9963e-37 1.1158e-30 3.2447e-28 3.2559e-28 1.5346e-09
7.5774e+03 1.0879e-30 3.1831e-28 4.2097e-43 4.7505e-37 1.0879e-30 3.1831e-28 3.1940e-28 1.4873e-09
7.6736e+03 1.0608e-30 3.1229e-28 4.0023e-43 4.5165e-37 1.0608e-30 3.1229e-28 3.1335e-28 1.4414e-09
7.7711e+03 1.0344e-30 3.0637e-28 3.8053e-43 4.2942e-37 1.0344e-30 3.0637e-28 3.0741e-28 1.3969e-09
7.8698e+03 1.0086e-30 3.0057e-28 3.6179e-43 4.0827e-37 1.0086e-30 3.0057e-28 3.0158e-28 1.3538e-09
7.9698e+03 9.8344e-31 2.9486e-28 3.4398e-43 3.8819e-37 9.8344e-31 2.9486e-28 2.9585e-28 1.3121e-09
8.0711e+03 9.5892e-31 2.8914e-28 3.2704e-43 3.6914e-37 9.5892e-31 2.8914e-28 2.9010e-28 1.2725e-09
8.1736e+03 9.3501e-31 2.8371e-28 3.1093e-43 3.5096e-37 9.3501e-31 2.8371e-28 2.8464e-28 1.2330e-09
8.2774e+03 9.1171e-31 2.7837e-28 2.9562e-43 3.3368e-37 9.1171e-31 2.7837e-28 2.7928e-28 1.1948e-09
8.3826e+03 8.8898e-31 2.7312e-28 2.8106e-43 3.1725e-37 8.8898e-31 2.7312e-28 2.7401e-28 1.1578e-09
8.4891e+03 8.6682e-31 2.6782e-28 2.6722e-43 3.0169e-37 8.6682e-31 2.6782e-28 2.6869e-28 1.1228e-09
8.5969e+03 8.4520e-31 2.6271e-28 2.5406e-43 2.8684e-37 8.4520e-31 2.6271e-28 2.6356e-28 1.0884e-09
8.7061e+03 8.2414e-31 2.5773e-28 2.4155e-43 2.7272e-37 8.2414e-31 2.5773e-28 2.5855e-28 1.0548e-09
8.8168e+03 8.0359e-31 2.5291e-28 2.2966e-43 2.5929e-37 8.0359e-31 2.5291e-28 2.5371e-28 1.0220e-09
8.9288e+03 7.8355e-31 2.4810e-28 2.1835e-43 2.4652e-37 7.8355e-31 2.4810e-28 2.4888e-28 9.9051e-10
9.0422e+03 7.6402e-31 2.4341e-28 2.0760e-43 2.3440e-37 7.6402e-31 2.4341e-28 2.4417e-28 9.5997e-10
9.1571e+03 7.4497e-31 2.3869e-28 1.9738e-43 2.2290e-37 7.4497e-31 2.3869e-28 2.3943e-28 9.3093e-10
9.2734e+03 7.2639e-31 2.3414e-28 1.8766e-43 2.1192e-37 7.2639e-31 2.3414e-28 2.3487e-28 9.0228e-10
9.3912e+03 7.0829e-31 2.2973e-28 1.7842e-43 2.0148e-37 7.0829e-31 2.2973e-28 2.3044e-28 8.7436e-10
9.5105e+03 6.9063e-31 2.2539e-28 1.6963e-43 1.9156e-37 6.9063e-31 2.2539e-28 2.2608e-28 8.4734e-10
9.6313e+03 6.7341e-31 2.2117e-28 1.6128e-43 1.8213e-37 6.7341e-31 2.2117e-28 2.2185e-28 8.2097e-10
9.7537e+03 6.5663e-31 2.1688e-28 1.5334e-43 1.7320e-37 6.5663e-31 2.1688e-28 2.1753e-28 7.9618e-10
9.8776e+03 6.4025e-31 2.1273e-28 1.4578e-43 1.6467e-37 6.4025e-31 2.1273e-28 2.1337e-28 7.7180e-10
1.0003e+04 6.2429e-31 2.0874e-28 1.3861e-43 1.5657e-37 6.2429e-31 2.0874e-28 2.0937e-28 7.4780e-10
1.0130e+04 6.0873e-31 2.0476e-28 1.3178e-43 1.4886e-37 6.0873e-31 2.0476e-28 2.0537e-28 7.2481e-10
1.0259e+04 5.9354e-31 2.0092e-28 1.2529e-43 1.4152e-37 5.9354e-31 2.0092e-28 2.0151e-28 7.0231e-10
1.0389e+04 5.7875e-31 1.9710e-28 1.1912e-43 1.3457e-37 5.7875e-31 1.9710e-28 1.9768e-28 6.8072e-10
1.0521e+04 5.6432e-31 1.9327e-28 1.1326e-43 1.2796e-37 5.6432e-31 1.9327e-28 1.9383e-28 6.6016e-10
1.0655e+04 5.5025e-31 1.8961e-28 1.0768e-43 1.2166e-37 5.5025e-31 1.8961e-28 1.9016e-28 6.3977e-10
1.0790e+04 5.3653e-31 1.8606e-28 1.0238e-43 1.1567e-37 5.3653e-31 1.8606e-28 1.8660e-28 6.1990e-10
1.0927e+04 5.2316e-31 1.8253e-28 9.7335e-44 1.0997e-37 5.2316e-31 1.8253e-28 1.8305e-28 6.0077e-10
1.1066e+04 5.1011e-31 1.7906e-28 9.2541e-44 1.0456e-37 5.1011e-31 1.7906e-28 1.7957e-28 5.8227e-10
1.1207e+04 4.9740e-31 1.7560e-28 8.7986e-44 9.9432e-38 4.9740e-31 1.7560e-28 1.7610e-28 5.6463e-10
1.1349e+04 4.8500e-31 1.7225e-28 8.3651e-44 9.4537e-38 4.8500e-31 1.7225e-28 1.7273e-28 5.4730e-10
1.1493e+04 4.7290e-31 1.6902e-28 7.9533e-44 8.9883e-38 4.7290e-31 1.6902e-28 1.6949e-28 5.3032e-10
1.1639e+04 4.6111e-31 1.6578e-28 7.5616e-44 8.5456e-38 4.6111e-31 1.6578e-28 1.6625e-28 5.1404e-10
1.1787e+04 4.4962e-31 1.6267e-28 7.1893e-44 8.1248e-38 4.4962e-31 1.6267e-28 1.6312e-28 4.9810e-10
1.1937e+04 4.3841e-31 1.5956e-28 6.8353e-44 7.7254e-38 4.3841e-31 1.5956e-28 1.6000e-28 4.8284e-10
1.2089e+04 4.2748e-31 1.5648e-28 6.4987e-44 7.3461e-38 4.2748e-31 1.5648e-28 1.5691e-28 4.6817e-10
1.2242e+04 4.1682e-31 1.5352e-28 6.1787e-44 6.9844e-38 4.1682e-31 1.5352e-28 1.5394e-28 4.5371e-10
1.2398e+04 4.0643e-31 1.5061e-28 5.8744e-44 6.6404e-38 4.0643e-31 1.5061e-28 1.5102e-28 4.3972e-10
1.2555e+04 3.9629e-31 1.4779e-28 5.5852e-44 6.3135e-38 3.9629e-31 1.4779e-28 1.4819e-28 4.2604e-10
1.2715e+04 3.8642e-31 1.4499e-28 5.3101e-44 6.0026e-38 3.8642e-31 1.4499e-28 1.4538e-28 4.1289e-10
1.2876e+04 3.7678e-31 1.4213e-28 5.0486e-44 5.7083e-38 3.7678e-31 1.4213e-28 1.4251e-28 4.0056e-10
1.3040e+04 3.6739e-31 1.3947e-28 4.8000e-44 5.4273e-38 3.6739e-31 1.3947e-28 1.3984e-28 3.8812e-10
1.3205e+04 3.5823e-31 1.3685e-28 4.5637e-44 5.1600e-38 3.5823e-31 1.3685e-28 1.3720e-28 3.7608e-10
1.3373e+04 3.4930e-31 1.3423e-28 4.3389e-44 4.9059e-38 3.4930e-31 1.3423e-28 1.3458e-28 3.6454e-10
1.3543e+04 3.4059e-31 1.3170e-28 4.1253e-44 4.6643e-38 3.4059e-31 1.3170e-28 1.3204e-28 3.5324e-10
1.3715e+04 3.3210e-31 1.2922e-28 3.9221e-44 4.4347e-38 3.3210e-31 1.2922e-28 1.2955e-28 3.4231e-10
1.3889e+04 3.2382e-31 1.2673e-28 3.7290e-44 4.2168e-38 3.2382e-31 1.2673e-28 1.2706e-28 3.3188e-10
1.4066e+04 3.1574e-31 1.2429e-28 3.5454e-44 4.0096e-38 3.1574e-31 1.2429e-28 1.2461e-28 3.2177e-10
1.4245e+04 3.0787e-31 1.2194e-28 3.3708e-44 3.8122e-38 3.0787e-31 1.2194e-28 1.2224e-28 3.1185e-10
1.4425e+04 3.0019e-31 1.1966e-28 3.2048e-44 3.6245e-38 3.0019e-31 1.1966e-28 1.1996e-28 3.0214e-10
1.4609e+04 2.9271e-31 1.1739e-28 3.0470e-44 3.4460e-38 2.9271e-31 1.1739e-28 1.1768e-28 2.9283e-10
1.4794e+04 2.8541e-31 1.1514e-28 2.8970e-44 3.2763e-38 2.8541e-31 1.1514e-28 1.1543e-28 2.8384e-10
1.4982e+04 2.7830e-31 1.1292e-28 2.7543e-44 3.1157e-38 2.7830e-31 1.1292e-28 1.1320e-28 2.7525e-10
1.5173e+04 2.7136e-31 1.1079e-28 2.6187e-44 2.9623e-38 2.7136e-31 1.1079e-28 1.1107e-28 2.6671e-10
1.5365e+04 2.6459e-31 1.0868e-28 2.4897e-44 2.8164e-38 2.6459e-31 1.0868e-28 1.0894e-28 2.5852e-10
1.5561e+04 2.5800e-31 1.0664e-28 2.3671e-44 2.6777e-38 2.5800e-31 1.0664e-28 1.0689e-28 2.5050e-10
1.5758e+04 2.5157e-31 1.0463e-28 2.2506e-44 2.5459e-38 2.5157e-31 1.0463e-28 1.0488e-28 2.4275e-10
1.5958e+04 2.4529e-31 1.0265e-28 2.1397e-44 2.4205e-38 2.4529e-31 1.0265e-28 1.0290e-28 2.3523e-10
1.6161e+04 2.3918e-31 1.0066e-28 2.0344e-44 2.3017e-38 2.3918e-31 1.0066e-28 1.0090e-28 2.2811e-10
1.6367e+04 2.3321e-31 9.8735e-29 1.9342e-44 2.1885e-38 2.3321e-31 9.8735e-29 9.8968e-29 2.2113e-10
1.6574e+04 2.2740e-31 9.6859e-29 1.8389e-44 2.0808e-38 2.2740e-31 9.6859e-29 9.7086e-29 2.1432e-10
1.6785e+04 2.2173e-31 9.5058e-29 1.7484e-44 1.9783e-38 2.2173e-31 9.5058e-29 9.5279e-29 2.0763e-10
1.6998e+04 2.1620e-31 9.3244e-29 1.6623e-44 1.8809e-38 2.1620e-31 9.3244e-29 9.3460e-29 2.0125e-10
1.7214e+04 2.1081e-31 9.1469e-29 1.5804e-44 1.7883e-38 2.1081e-31 9.1469e-29 9.1679e-29 1.9506e-10
1.7433e+04 2.0556e-31 8.9745e-29 1.5026e-44 1.7003e-38 2.0556e-31 8.9745e-29 8.9951e-29 1.8903e-10
1.7654e+04 2.0043e-31 8.8009e-29 1.4286e-44 1.6169e-38 2.0043e-31 8.8009e-29 8.8209e-29 1.8330e-10
1.7879e+04 1.9543e-31 8.6333e-29 1.3583e-44 1.5372e-38 1.9543e-31 8.6333e-29 8.6529e-29 1.7766e-10
1.8106e+04 1.9056e-31 8.4712e-29 1.2914e-44 1.4615e-38 1.9056e-31 8.4712e-29 8.4903e-29 1.7214e-10
1.8336e+04 1.8581e-31 8.3117e-29 1.2278e-44 1.3896e-38 1.8581e-31 8.3117e-29 8.3303e-29 1.6681e-10
1.8569e+04 1.8118e-31 8.1550e-29 1.1673e-44 1.3212e-38 1.8118e-31 8.1550e-29 8.1731e-29 1.6165e-10
1.8805e+04 1.7666e-31 7.9964e-29 1.1099e-44 1.2564e-38 1.7666e-31 7.9964e-29 8.0140e-29 1.5677e-10
1.9044e+04 1.7225e-31 7.8441e-29 1.0552e-44 1.1946e-38 1.7225e-31 7.8441e-29 7.8613e-29 1.5195e-10
1.9285e+04 1.6796e-31 7.6952e-29 1.0032e-44 1.1357e-38 1.6796e-31 7.6952e-29 7.7120e-29 1.4727e-10
1.9530e+04 1.6377e-31 7.5487e-29 9.5383e-45 1.0798e-38 1.6377e-31 7.5487e-29 7.5651e-29 1.4273e-10
1.9779e+04 1.5969e-31 7.4057e-29 9.0687e-45 1.0266e-38 1.5969e-31 7.4057e-29 7.4217e-29 1.3833e-10
2.0030e+04 1.5571e-31 7.2653e-29 8.6220e-45 9.7614e-39 1.5571e-31 7.2653e-29 7.2809e-29 1.3407e-10
2.0284e+04 1.5183e-31 7.1246e-29 8.1974e-45 9.2823e-39 1.5183e-31 7.1246e-29 7.1398e-29 1.3001e-10
2.0542e+04 1.4804e-31 6.9899e-29 7.7938e-45 8.8252e-39 1.4804e-31 6.9899e-29 7.0047e-29 1.2599e-10
2.0803e+04 1.4435e-31 6.8576e-29 7.4100e-45 8.3906e-39 1.4435e-31 6.8576e-29 6.8721e-29 1.2210e-10
2.1067e+04 1.4075e-31 6.7293e-29 7.0452e-45 7.9774e-39 1.4075e-31 6.7293e-29 6.7434e-29 1.1830e-10
2.1335e+04 1.3724e-31 6.6030e-29 6.6982e-45 7.5845e-39 1.3724e-31 6.6030e-29 6.6167e-29 1.1463e-10
2.1606e+04 1.3382e-31 6.4749e-29 6.3683e-45 7.2127e-39 1.3382e-31 6.4749e-29 6.4883e-29 1.1116e-10
2.1880e+04 1.3048e-31 6.3492e-29 6.0548e-45 6.8577e-39 1.3048e-31 6.3492e-29 6.3623e-29 1.0779e-10
2.2158e+04 1.2723e-31 6.2297e-29 5.7566e-45 6.5200e-39 1.2723e-31 6.2297e-29 6.2424e-29 1.0445e-10
2.2440e+04 1.2406e-31 6.1147e-29 5.4731e-45 6.1989e-39 1.2406e-31 6.1147e-29 6.1271e-29 1.0117e-10
2.2725e+04 1.2097e-31 5.9976e-29 5.2036e-45 5.8941e-39 1.2097e-31 5.9976e-29 6.0097e-29 9.8078e-11
2.3014e+04 1.1795e-31 5.8808e-29 4.9474e-45 5.6049e-39 1.1795e-31 5.8808e-29 5.8926e-29 9.5117e-11
2.3306e+04 1.1501e-31 5.7704e-29 4.7038e-45 5.3288e-39 1.1501e-31 5.7704e-29 5.7819e-29 9.2164e-11
2.3602e+04 1.1214e-31 5.6618e-29 4.4722e-45 5.0664e-39 1.1214e-31 5.6618e-29 5.6730e-29 8.9308e-11
2.3902e+04 1.0935e-31 5.5535e-29 4.2519e-45 4.8170e-39 1.0935e-31 5.5535e-29 5.5645e-29 8.6567e-11
2.4206e+04 1.0662e-31 5.4466e-29 4.0425e-45 4.5806e-39 1.0662e-31 5.4466e-29 5.4573e-29 8.3937e-11
2.4513e+04 1.0396e-31 5.3445e-29 3.8435e-45 4.3553e-39 1.0396e-31 5.3445e-29 5.3549e-29 8.1333e-11
2.4825e+04 1.0137e-31 5.2419e-29 3.6542e-45 4.1408e-39 1.0137e-31 5.2419e-29 5.2520e-29 7.8842e-11
2.5140e+04 9.8842e-32 5.1439e-29 3.4743e-45 3.9369e-39 9.8842e-32 5.1439e-29 5.1538e-29 7.6389e-11
2.5459e+04 9.6378e-32 5.0470e-29 3.3032e-45 3.7432e-39 9.6378e-32 5.0470e-29 5.0566e-29 7.4026e-11
2.5783e+04 9.3975e-32 4.9495e-29 3.1405e-45 3.5596e-39 9.3975e-32 4.9495e-29 4.9589e-29 7.1782e-11
2.6110e+04 9.1631e-32 4.8564e-29 2.9859e-45 3.3843e-39 9.1631e-32 4.8564e-29 4.8656e-29 6.9556e-11
2.6442e+04 8.9347e-32 4.7635e-29 2.8388e-45 3.2181e-39 8.9347e-32 4.7635e-29 4.7724e-29 6.7431e-11
2.6778e+04 8.7119e-32 4.6718e-29 2.6990e-45 3.0600e-39 8.7119e-32 4.6718e-29 4.6805e-29 6.5377e-11
2.7118e+04 8.4948e-32 4.5834e-29 2.5661e-45 2.9093e-39 8.4948e-32 4.5834e-29 4.5919e-29 6.3357e-11
2.7463e+04 8.2829e-32 4.4962e-29 2.4398e-45 2.7665e-39 8.2829e-32 4.4962e-29 4.5045e-29 6.1417e-11
2.7812e+04 8.0764e-32 4.4107e-29 2.3196e-45 2.6305e-39 8.0764e-32 4.4107e-29 4.4188e-29 5.9529e-11
2.8165e+04 7.8751e-32 4.3292e-29 2.2054e-45 2.5010e-39 7.8751e-32 4.3292e-29 4.3370e-29 5.7665e-11
2.8523e+04 7.6788e-32 4.2439e-29 2.0968e-45 2.3784e-39 7.6788e-32 4.2439e-29 4.2516e-29 5.5940e-11
2.8885e+04 7.4873e-32 4.1651e-29 1.9936e-45 2.2613e-39 7.4873e-32 4.1651e-29 4.1726e-29 5.4195e-11
2.9252e+04 7.3007e-32 4.0851e-29 1.8954e-45 2.1506e-39 7.3007e-32 4.0851e-29 4.0924e-29 5.2550e-11
2.9624e+04 7.1186e-32 4.0081e-29 1.8021e-45 2.0450e-39 7.1186e-32 4.0081e-29 4.0152e-29 5.0932e-11
3.0000e+04 6.9411e-32 3.9184e-29 1.7133e-45 1.9448e-39 6.9411e-32 3.9184e-29 3.9254e-29 4.9543e-11
